1.325656203643820390e+03 -2.044631532778007355e-03
1.325677037095830883e+03 -3.098492102981187379e-03
1.325718704002704499e+03 -2.160772859762460918e-03
1.325760370913193810e+03 -4.131784909307434361e-03
1.325781204369705620e+03 -1.347558004388460517e-03
1.325864538203562688e+03 -3.981318024441793391e-03
1.325885371663832075e+03 -1.510152780717533005e-03
1.326010372438778859e+03 -4.134257015494524623e-04
1.326072872833836755e+03 -8.015119194737518882e-04
1.326093706299857104e+03 -3.262017259664573565e-03
1.326114539766334701e+03 -9.501560551228305229e-04
1.326156206700637085e+03 -4.064666990669096869e-03
1.326177040168420717e+03 -3.327140851473231464e-03
1.326197873636619533e+03 -1.873906937027713937e-03
1.326218707105198973e+03 -4.851763443383227958e-03
1.326239540574155171e+03 -3.571926713302198131e-03
1.326260374043484717e+03 -3.011022411611552485e-03
1.326281207513155096e+03 -2.322797636587603520e-03
1.326302040983436882e+03 -3.948173045158487326e-03
1.326322874454006296e+03 -2.317918640663219065e-03
1.326364541395628976e+03 -4.434605278730296973e-03
1.326385374866880056e+03 -3.684148918895457925e-03
1.326406208338413990e+03 -2.998728214433921124e-03
1.326427041810230776e+03 -1.081680332322254579e-03
1.326447875282300856e+03 -3.133167730479113899e-03
1.326489542227203628e+03 -7.770045817023785162e-05
1.326510375700009035e+03 1.599441036375104375e-04
1.326531209173052503e+03 6.649716347318923582e-04
1.326552042646305608e+03 -3.135799915942039107e-04
1.326572876119771081e+03 -1.884673400781577968e-04
1.326593709593450967e+03 -3.943183810706241132e-04
1.326614543067317982e+03 -8.971564438753354409e-04
1.326656210015625675e+03 2.388051446732042393e-03
1.326697876964631178e+03 1.228524301074007674e-03
1.326718710439392908e+03 2.197009660290016875e-03
1.326739543914302885e+03 4.049089508591841025e-03
1.326760377389375662e+03 1.956954892405882163e-04
1.326781210864585091e+03 3.861124493855894180e-03
1.326802044339935492e+03 4.184266682089265998e-03
1.326885378242670413e+03 4.435166978903559709e-03
1.326927045194757056e+03 4.817955395839845778e-03
1.326947878670959426e+03 2.666267131682054092e-03
1.327010379100182035e+03 3.932158042436628698e-03
1.327031212576775033e+03 5.615876596216762273e-03
1.327052046053466483e+03 3.430462661835442795e-03
1.327072879530231830e+03 7.082459297062304593e-03
1.327093713007087899e+03 3.625807077265452705e-03
1.327114546484012180e+03 5.278579997918031452e-03
1.327218713869701105e+03 6.428858536053905226e-03
1.327239547347023972e+03 2.633944578591784769e-03
1.327260380824412778e+03 4.295404520843537632e-03
1.327281214301845012e+03 1.643198336031992390e-03
1.327302047779327950e+03 8.992891030151772824e-04
1.327322881256869778e+03 7.217313974006156485e-05
1.327343714734447076e+03 -2.938992579254451343e-04
1.327364548212067803e+03 -1.443962331245773889e-03
1.327385381689739688e+03 7.540088523085852756e-04
1.327406215167439996e+03 -2.822572105811715915e-04
1.327427048645177138e+03 2.712699383146111032e-04
1.327447882122958845e+03 2.937379861081002019e-04
1.327489549078606160e+03 7.562832954617348946e-04
1.327510382556468358e+03 8.678430198669762063e-04
1.327531216034356703e+03 2.097388750146533809e-03
1.327552049512279382e+03 1.720978616099322345e-03
1.327572882990214566e+03 1.223061842299588697e-03
1.327593716468180901e+03 6.656173461733194685e-04
1.327614549946155421e+03 1.040603023455877185e-03
1.327656216902164942e+03 -7.215186164376552469e-04
1.327677050380186756e+03 1.025531504050158915e-03
1.327697883858220621e+03 1.365353910299682560e-03
1.327718717336275404e+03 4.463069780936690378e-04
1.327739550814329505e+03 1.395723437136120459e-03
1.327760384292391109e+03 1.407249360717566233e-04
1.327802051248542966e+03 1.104950693082695778e-03
1.327822884726629582e+03 -1.693612797450394503e-03
1.327864551682788942e+03 1.335259173181557735e-03
1.327885385160878968e+03 -2.004162548208898720e-03
1.327906218638957398e+03 -2.624355631642427689e-03
1.327927052117032872e+03 -2.216381316161641912e-03
1.327947885595114485e+03 -9.610867711280501879e-04
1.327968719073180864e+03 -1.480584758198122408e-03
1.327989552551251109e+03 -2.861580463115243056e-03
1.328010386029304300e+03 -2.454737951070096180e-03
1.328031219507358855e+03 -3.223638793202088237e-03
1.328052052985394084e+03 -2.120195733568253083e-03
1.328072886463418627e+03 -7.675203318773249350e-04
1.328093719941441577e+03 -1.771108161813583770e-03
1.328114553419442245e+03 1.366853260511335932e-03
1.328135386897429044e+03 6.467863956549635418e-04
1.328156220375401517e+03 0.000000000000000000e+00
1.328177053853368989e+03 2.021215990990810063e-03
1.328197887331310085e+03 6.986049779299507989e-04
1.328218720809243905e+03 2.999179962941855848e-03
1.328239554287149986e+03 1.449979451010774412e-03
1.328260387765046971e+03 1.634910052118798696e-03
1.328281221242914398e+03 1.489080464989966934e-03
1.328302054720760907e+03 5.773176139803881668e-04
1.328322888198596502e+03 8.563169021869043718e-04
1.328343721676399809e+03 3.289588371215845797e-04
1.328364555154180380e+03 -2.126639113478878684e-04
1.328385388631947080e+03 -3.038576245099067208e-04
1.328406222109679675e+03 1.888381211324619002e-04
1.328427055587397035e+03 4.613413202713134709e-04
1.328447889065078698e+03 -1.116408567166993215e-03
1.328468722542733758e+03 9.811433434812055765e-04
1.328510389497971119e+03 8.466606234630580374e-04
1.328531222975542960e+03 2.932331124569920178e-03
1.328552056453095702e+03 2.352724991702692670e-03
1.328572889930607971e+03 4.039873220842538082e-03
1.328593723408090227e+03 4.924773084369782339e-03
1.328614556885551110e+03 3.328141771718251540e-03
1.328635390362970384e+03 3.755935173817115391e-03
1.328656223840367602e+03 3.937122453214203510e-03
1.328677057317722074e+03 3.405438244255210023e-03
1.328697890795042895e+03 1.521886072734623951e-03
1.328718724272339841e+03 -5.056968113171800283e-04
1.328739557749592450e+03 3.154522070336618356e-06
1.328760391226809816e+03 -5.318100212256759995e-03
1.328781224704001488e+03 -7.156105946208857205e-04
1.328802058181147231e+03 -3.343248201300941247e-03
1.328822891658266371e+03 -3.964173617434729735e-03
1.328843725135338218e+03 -1.171576731846535324e-04
1.328864558612372321e+03 -2.502147431405310485e-03
1.328885392089378911e+03 -4.423975396137258542e-03
1.328906225566336389e+03 -2.844119922984500448e-03
1.328927059043264762e+03 -3.056113088083622920e-03
1.328947892520143796e+03 -4.500308642708228390e-03
1.328968725996981902e+03 -3.566259160317830634e-03
1.328989559473790905e+03 -2.374843878411692089e-03
1.329010392950548066e+03 -3.604467612499884233e-03
1.329031226427273623e+03 -3.949815636374753858e-03
1.329052059903947793e+03 -3.242841269326945941e-03
1.329072893380579671e+03 -4.954063465192781734e-03
1.329093726857168804e+03 -4.777497026202892627e-03
1.329114560333724512e+03 -2.713713186481281348e-03
1.329135393810226788e+03 -8.897035465744718152e-04
1.329156227286694957e+03 -1.488284737102829602e-03
1.329177060763108784e+03 -1.425233783656554287e-03
1.329218727715812292e+03 1.033471982588962668e-03
1.329239561192090832e+03 -1.190927291704002577e-03
1.329260394668332992e+03 -2.627615081520540130e-03
1.329281228144519218e+03 -6.010610882658529164e-04
1.329302061620658378e+03 -1.082475575795549538e-03
1.329322895096760703e+03 -8.820772641321417140e-04
1.329343728572805503e+03 -2.297938666582455269e-03
1.329364562048812559e+03 -2.981276322396975154e-03
1.329385395524761179e+03 -1.412834310546839944e-03
1.329406229000661369e+03 -2.402853147135397549e-03
1.329427062476522451e+03 -3.174463213528877503e-05
1.329447895952324416e+03 -2.767810523571556658e-03
1.329489562903788737e+03 -3.547227871097624607e-03
1.329510396379440635e+03 2.015494023693942260e-03
1.329531229855042511e+03 -2.359182487412292417e-03
1.329552063330602323e+03 -1.381252139801558698e-04
1.329572896806101198e+03 -8.447872529017130816e-04
1.329593730281558237e+03 2.138435886190892532e-04
1.329614563756953658e+03 1.081782807121900447e-05
1.329635397232306332e+03 -2.857492975701925175e-04
1.329656230707596478e+03 1.421213267878584929e-03
1.329677064182833647e+03 -3.693905984081258254e-04
1.329697897658027387e+03 4.491927120239269655e-04
1.329718731133162919e+03 -5.491996706376012227e-04
1.329739564608244109e+03 -3.276796893818545442e-04
1.329760398083275959e+03 -1.499102910759941842e-03
1.329781231558243235e+03 -2.316800111606065471e-03
1.329802065033165491e+03 -9.021704002055708216e-04
1.329822898508022490e+03 -3.128069019465717915e-03
1.329843731982824011e+03 -2.097563135092683773e-03
1.329864565457579829e+03 -3.451180454349778159e-03
1.329885398932269709e+03 -2.240540257499090693e-03
1.329906232406902745e+03 -1.786515783619768705e-03
1.329927065881489170e+03 3.592930186192555553e-04
1.329947899356008293e+03 -4.458641108029404165e-04
1.329968732830480803e+03 -1.794857332354737878e-03
1.330031233253529763e+03 -2.463421045413305421e-04
1.330052066727759893e+03 -2.035354544027145884e-03
1.330093733676052352e+03 -2.132275497030655664e-03
1.330114567150104904e+03 -3.753788821341252913e-04
1.330156234098040159e+03 -1.607985510254650308e-04
1.330177067571912858e+03 -2.504982501064456635e-03
1.330197901045734397e+03 -2.049283749753216810e-03
1.330218734519485679e+03 7.388005765854854801e-04
1.330239567993185119e+03 -9.946754282650349666e-04
1.330260401466814074e+03 -6.933796996768659682e-04
1.330281234940380727e+03 0.000000000000000000e+00
1.330302068413895313e+03 1.022813647413189919e-03
1.330322901887337821e+03 1.339748706877696982e-03
1.330364568834044348e+03 1.710078483129984228e-03
1.330385402307298364e+03 6.146508655328064563e-04
1.330406235780498719e+03 1.561640952374876434e-03
1.330427069253625405e+03 1.081062528873966144e-03
1.330447902726688199e+03 2.864944751982956284e-03
1.330468736199696423e+03 1.082505623139273787e-03
1.330489569672629841e+03 1.365576709161708813e-03
1.330510403145508917e+03 -2.597359352929373699e-05
1.330531236618312505e+03 -3.778832961018885328e-04
1.330552070091050837e+03 1.875941922520385496e-03
1.330572903563733234e+03 3.262238407847117827e-03
1.330593737036339917e+03 1.433914736600150341e-03
1.330614570508889983e+03 3.008568278435652665e-03
1.330635403981363652e+03 4.191741970080209434e-03
1.330656237453770018e+03 3.969393488168382333e-03
1.330677070926119768e+03 2.812879140827506674e-03
1.330697904398391756e+03 1.626306987779657653e-03
1.330718737870605992e+03 3.548040376533334594e-03
1.330739571342742465e+03 3.138923826087713920e-03
1.330760404814810499e+03 1.734844207392227666e-03
1.330781238286820098e+03 -5.753190060304724796e-04
1.330802071758750344e+03 -1.540760451724021429e-03
1.330822905230611241e+03 4.022890233924436565e-03
1.330843738702413020e+03 2.310206122195346268e-03
1.330864572174134992e+03 1.012868157750368425e-03
1.330885405645796709e+03 3.232229205296754948e-03
1.330906239117378391e+03 1.242033445444268303e-03
1.330927072588889132e+03 2.458867407017173434e-03
1.330947906060338937e+03 4.152917396767263902e-03
1.330968739531707570e+03 1.850351071608358211e-03
1.330989573003004352e+03 1.313577232794460592e-03
1.331010406474239517e+03 2.107736944239047006e-03
1.331031239945392372e+03 1.129461667858100427e-04
1.331052073416482926e+03 3.197975126220109487e-04
1.331072906887490717e+03 -1.009195313242616798e-03
1.331093740358435070e+03 1.301389715747891529e-03
1.331114573829296432e+03 6.935132333040217034e-04
1.331135407300083898e+03 -1.916510194484022378e-03
1.331156240770807699e+03 1.020090725054600966e-03
1.331177074241446689e+03 9.328297312070077396e-04
1.331197907712011101e+03 -3.869392583116249007e-03
1.331218741182511167e+03 0.000000000000000000e+00
1.331239574652925512e+03 3.120883052868395069e-04
1.331260408123274601e+03 -8.737277314624369851e-04
1.331281241593537516e+03 -1.120789132282085099e-03
1.331302075063724487e+03 -6.312751174352149164e-04
1.331322908533845066e+03 9.311407723968656569e-04
1.331343742003878333e+03 1.290277314617949145e-03
1.331364575473844980e+03 2.871754905272583258e-04
1.331385408943724087e+03 -3.287969803279500169e-04
1.331406242413525206e+03 8.099494646321980795e-04
1.331427075883258340e+03 -2.729557829046047601e-03
1.331447909352903253e+03 3.040349309513246112e-05
1.331468742822469267e+03 9.731953844227536621e-05
1.331489576291965705e+03 1.080028655930376225e-03
1.331510409761373239e+03 4.288163193891803004e-04
1.331531243230710743e+03 9.082475177931703669e-04
1.331552076699958207e+03 1.878379053942724752e-03
1.331572910169125635e+03 2.611769293409449411e-03
1.331593743638221895e+03 3.417621945589810473e-03
1.331614577107227433e+03 3.538507626619558089e-03
1.331635410576161121e+03 5.779339384259341017e-03
1.331656244045003177e+03 1.995599062816322267e-03
1.331677077513762924e+03 4.424949515882459217e-03
1.331697910982450367e+03 3.239693209596272716e-03
1.331718744451045040e+03 4.291600764622427455e-03
1.331739577919556496e+03 6.315060539835437581e-03
1.331760411387994509e+03 2.777840089352667796e-03
1.331781244856338390e+03 7.183549925682597426e-03
1.331802078324607919e+03 6.826001077378851534e-03
1.331822911792783088e+03 4.815516034834210757e-03
1.331843745260883225e+03 6.558892985047304336e-03
1.331864578728888091e+03 6.386111456864518310e-03
1.331885412196807238e+03 7.108713292429791331e-03
1.331906245664649987e+03 6.932882643266857770e-03
1.331927079132396557e+03 6.106922123723212970e-03
1.331947912600066502e+03 5.173354071497215934e-03
1.331968746067639131e+03 4.590396347924463605e-03
1.331989579535123994e+03 7.837810511561293936e-03
1.332010413002530868e+03 6.960985863380231287e-03
1.332031246469839289e+03 6.474033267977352679e-03
1.332052079937069266e+03 6.561458842617495790e-03
1.332072913404200108e+03 6.210844962245221090e-03
1.332093746871241592e+03 6.825906787713664770e-03
1.332114580338202813e+03 5.130882459774999127e-03
1.332135413805063990e+03 6.422754691751686451e-03
1.332156247271834900e+03 6.766862488705283063e-03
1.332177080738524182e+03 6.618104650067291317e-03
1.332197914205111601e+03 5.511204455848739414e-03
1.332218747671617848e+03 3.601381989131402506e-03
1.332239581138021549e+03 5.299646731753426820e-03
1.332260414604332482e+03 2.420078314971485511e-03
1.332281248070560196e+03 4.256378494178147953e-03
1.332302081536684909e+03 4.072721459544403899e-03
1.332322915002725040e+03 4.626524940123388774e-03
1.332343748468661033e+03 1.252718769975902369e-03
1.332364581934501985e+03 2.272093918645579080e-03
1.332385415400257898e+03 3.066321350068124119e-03
1.332427082331472093e+03 8.109513521263878033e-04
1.332447915796929692e+03 -3.972089832047220881e-04
1.332468749262290203e+03 6.205220032451386203e-05
1.332489582727563402e+03 4.034653247866337722e-04
1.332510416192728599e+03 4.047502300426053523e-04
1.332531249657805574e+03 5.484393475208015900e-05
1.332552083122773411e+03 0.000000000000000000e+00
1.332572916587642339e+03 3.799067700750669019e-03
1.332593750052421683e+03 -8.855445668415340421e-04
1.332614583517090978e+03 1.274970645768203070e-03
1.332635416981659091e+03 1.269900584864092075e-03
1.332656250446136482e+03 1.662641582539925444e-03
1.332677083910502233e+03 -3.427450582871305329e-05
1.332697917374775898e+03 4.659780457731965697e-04
1.332718750838936785e+03 3.204768191085838325e-03
1.332739584303005131e+03 2.169878041142880853e-03
1.332760417766959790e+03 1.623717668052582219e-03
1.332781251230810312e+03 -3.789905601762066922e-04
1.332822918158207813e+03 2.455012324322436434e-03
1.332864585085183307e+03 1.353937860942844296e-03
1.332885418548506323e+03 -2.049915771456856106e-03
1.332906252011732249e+03 -2.949881596774339698e-04
1.332927085474840851e+03 -2.880908710263585526e-03
1.332947918937841678e+03 -5.225547695599797038e-04
1.332968752400743597e+03 -2.397952341778308849e-04
1.332989585863526599e+03 1.436131547699615041e-03
1.333010419326209558e+03 1.773274442711247900e-04
1.333031252788772917e+03 -7.706001660827688227e-04
1.333052086251224864e+03 -3.270639644207262720e-03
1.333072919713576084e+03 -2.517925209314375579e-04
1.333093753175805205e+03 2.257451130048826471e-03
1.333114586637932007e+03 -5.111188742553673947e-04
1.333135420099936027e+03 -3.408789975202219935e-04
1.333156253561826361e+03 1.806824104925164320e-04
1.333177087023612785e+03 2.634775544654077706e-03
1.333197920485274381e+03 -2.406910091584668621e-04
1.333218753946830930e+03 1.773851283221494768e-03
1.333239587408261286e+03 1.920965266739571575e-03
1.333260420869585687e+03 9.774575502812243855e-04
1.333281254330773663e+03 6.296507929927086522e-04
1.333302087791844997e+03 3.503710846713969929e-04
1.333322921252816514e+03 1.719723399040695710e-04
1.333343754713658882e+03 1.489807972749668252e-03
1.333364588174382106e+03 -8.373799430084760687e-04
1.333385421634994827e+03 0.000000000000000000e+00
1.333406255095477263e+03 2.461859116524300894e-03
1.333427088555848513e+03 7.198611673219224016e-04
1.333447922016087659e+03 -3.906249697038788327e-04
1.333468755476214483e+03 -3.496377896488045423e-04
1.333489588936208293e+03 1.988270590602247978e-03
1.333510422396077956e+03 8.778653820145088105e-04
1.333531255855833024e+03 1.040911860512583331e-04
1.333552089315453713e+03 1.696584342896656494e-03
1.333572922774947529e+03 -8.166169340344531236e-04
1.333593756234325610e+03 8.001936193415826182e-04
1.333614589693566359e+03 -2.736399241997533593e-03
1.333635423152689100e+03 0.000000000000000000e+00
1.333656256611673825e+03 0.000000000000000000e+00
1.333677090070529175e+03 -6.710808812401269918e-04
1.333697923529264699e+03 -7.072191901299484940e-04
1.333718756987859706e+03 -2.047249988767152473e-03
1.333739590446332841e+03 -1.650364171321694329e-04
1.333760423904664322e+03 2.985183814445679928e-03
1.333781257362863016e+03 -3.555144671328891448e-04
1.333802090820938474e+03 -1.464552742373004257e-03
1.333822924278869550e+03 -1.959824178007329998e-03
1.333843757736675798e+03 -2.126708827863033058e-03
1.333864591194336299e+03 -5.681545466525994570e-04
1.333885424651870380e+03 -1.651946597591713584e-03
1.333906258109257351e+03 -1.616274102953507708e-03
1.333927091566506078e+03 -3.473338104020839978e-05
1.333947925023626112e+03 6.025657426265151884e-04
1.333968758480596762e+03 -1.021659533003704823e-04
1.333989591937427122e+03 -1.504734109835870193e-03
1.334010425394126287e+03 -8.729304907788559831e-04
1.334031258850674021e+03 1.768106194177110346e-03
1.334052092307088287e+03 -1.341300177229665103e-03
1.334072925763349986e+03 5.618734663126456752e-05
1.334093759219476624e+03 -1.957454560889027029e-03
1.334114592675448421e+03 -1.365084995782805954e-03
1.334135426131274016e+03 -1.670689643638034738e-03
1.334156259586962506e+03 -4.355085813805281703e-04
1.334177093042493652e+03 -2.508503233139003363e-03
1.334197926497886556e+03 -2.458350525723962399e-03
1.334218759953119616e+03 -5.341667150946527443e-04
1.334239593408202609e+03 2.215709822703804122e-04
1.334260426863143948e+03 6.573647188842235423e-04
1.334281260317923397e+03 -1.510513017567660654e-03
1.334302093772560056e+03 -2.178556949232746121e-04
1.334322927227032778e+03 -3.261919610790808832e-04
1.334343760681350886e+03 9.054283305927057768e-04
1.334364594135523021e+03 -8.671393796372273144e-04
1.334385427589528490e+03 -2.388672932813751260e-04
1.334406261043386394e+03 -1.033788147349889996e-04
1.334427094497075814e+03 6.959754397272144288e-04
1.334447927950605617e+03 1.129570342084162959e-03
1.334468761403984900e+03 -9.476332414805055393e-04
1.334489594857192969e+03 1.994844992784350346e-03
1.334510428310248471e+03 2.429307209940390067e-03
1.334531261763130487e+03 8.284264667803853399e-04
1.334552095215857889e+03 2.464078346671727537e-03
1.334572928668410441e+03 3.409966674202347114e-03
1.334593762120796100e+03 2.487347218680158178e-03
1.334614595573024189e+03 1.511122749756843575e-03
1.334635429025073563e+03 1.401306094731880059e-03
1.334656262476953771e+03 2.011478817675049768e-04
1.334677095928672998e+03 3.850384837575826502e-03
1.334697929380210780e+03 1.635492017258877162e-03
1.334718762831585536e+03 1.048347445194552918e-03
1.334739596282776347e+03 -2.594679350076400937e-04
1.334760429733792080e+03 9.285374757561637438e-04
1.334781263184641830e+03 1.235080740529803656e-03
1.334802096635303997e+03 8.228585084650852366e-04
1.334822930085798362e+03 8.730462498850455333e-04
1.334843763536102642e+03 -2.702177326111776523e-03
1.334864596986236165e+03 2.702177326111776523e-03
1.334885430436178012e+03 0.000000000000000000e+00
1.334906263885936823e+03 -1.791956741624023408e-03
1.334927097335521694e+03 0.000000000000000000e+00
1.334947930784910341e+03 -1.494663272854968028e-03
1.334968764234122318e+03 -1.830935918296416887e-03
1.335031264580606830e+03 -1.267134732701569177e-03
1.335052098029049830e+03 -1.608671844615106039e-03
1.335072931477310021e+03 -1.945516305130401413e-03
1.335093764925365804e+03 -2.143730578052061020e-03
1.335114598373236049e+03 -1.643035617099775081e-03
1.335135431820899385e+03 -2.238895180891598002e-03
1.335156265268364223e+03 -1.689757053999096925e-03
1.335177098715640113e+03 -1.529978543205134933e-03
1.335197932162704319e+03 -2.083912223116768381e-03
1.335218765609576849e+03 -1.357236584598076057e-03
1.335239599056235420e+03 -3.620916850829880573e-03
1.335260432502688900e+03 -4.187602295193326718e-03
1.335281265948945929e+03 -1.350716472461543916e-03
1.335406266622029534e+03 -1.238922587398771924e-03
1.335427100066799994e+03 -9.530419781041965521e-04
1.335447933511342171e+03 6.153590874188319404e-04
1.335468766955664478e+03 4.820954183446524155e-04
1.335489600399774872e+03 -3.020751000104238138e-03
1.335510433843652208e+03 -4.477451554022460201e-04
1.335531267287315131e+03 -1.501498675632317870e-03
1.335552100730741586e+03 -1.003553476356722207e-03
1.335572934173949989e+03 -1.456338409657309541e-03
1.335593767616918740e+03 -8.050206656022851348e-04
1.335614601059656479e+03 1.643035617099775081e-03
1.335635434502171165e+03 -3.601118503389844072e-03
1.335656267944440970e+03 -3.605059575799707261e-04
1.335677101386484310e+03 -1.076908785092922649e-03
1.335697934828279585e+03 -1.067003300363689178e-03
1.335718768269834982e+03 -1.584384516002623755e-03
1.335739601711158912e+03 -8.792333764193749346e-04
1.335760435152228865e+03 -2.460772305293179585e-03
1.335781268593063487e+03 -2.672636257380123226e-03
1.335802102033641404e+03 -1.284483619767740059e-03
1.335822935473969892e+03 -1.823172216723900618e-04
1.335843768914057819e+03 -1.437636558200838799e-03
1.335864602353882901e+03 -5.538434593439500730e-04
1.335885435793462875e+03 -4.259062078721509437e-03
1.335906269232776367e+03 -3.523088295086851396e-03
1.335927102671831108e+03 -3.591085517724246223e-03
1.335947936110635510e+03 -3.138662736472674908e-03
1.335968769549167519e+03 -2.826706328580397276e-03
1.335989602987444641e+03 -1.849879011724397948e-03
1.336010436425445278e+03 -3.660251303113315480e-03
1.336031269863186935e+03 -3.743906115260098311e-03
1.336052103300647559e+03 -5.058745870266778688e-03
1.336072936737835789e+03 -3.425955720089635115e-03
1.336093770174758447e+03 -5.220706350693826714e-03
1.336114603611394159e+03 -3.907044103347856456e-03
1.336135437047760888e+03 -2.883676749639740855e-03
1.336156270483835215e+03 -2.538076315437898245e-03
1.336177103919626006e+03 -3.018978457784426972e-03
1.336197937355140311e+03 -3.757335526990313035e-03
1.336218770790356984e+03 -2.690654850419083033e-03
1.336239604225292624e+03 -3.875301636284467222e-03
1.336260437659925628e+03 -1.922911438752894497e-03
1.336281271094272824e+03 -2.321906052219491201e-03
1.336302104528312611e+03 -6.927671421864678436e-04
1.336322937962052492e+03 -2.835963483513226358e-03
1.336343771395499971e+03 -2.342675594502408032e-03
1.336364604828632309e+03 -1.920034211352450448e-03
1.336385438261467016e+03 -1.028006294017336231e-03
1.336406271693982035e+03 -1.340441360716426722e-03
1.336427105126184642e+03 -1.378272454702234029e-03
1.336447938558081887e+03 -2.760094788442080116e-04
1.336468771989652623e+03 -2.983283890959365081e-04
1.336489605420912767e+03 0.000000000000000000e+00
1.336510438851840490e+03 -2.553087117716179577e-03
1.336531272282451937e+03 -8.041417014240659356e-04
1.336552105712726188e+03 1.891404211282643466e-03
1.336572939142669384e+03 3.249581153087599539e-03
1.336593772572289254e+03 8.127940680049405842e-04
1.336614606001563061e+03 2.124580822966293248e-03
1.336635439430508086e+03 3.299622755450259959e-03
1.336656272859100909e+03 2.318930287238285537e-03
1.336677106287359493e+03 2.309594393345992813e-03
1.336739606570019532e+03 -3.577959381496986779e-02
1.336760439996860896e+03 -5.365054126192581041e-02
1.336781273423353696e+03 -5.807581155496488456e-02
1.336802106849474740e+03 -5.859059031904378934e-02
1.336822940275230621e+03 -5.927274812887084465e-02
1.336843773700628844e+03 -5.866843705475344173e-02
1.336864607125646216e+03 -5.646929914764109437e-02
1.336885440550299109e+03 -5.385803093093977090e-02
1.336906273974565693e+03 -3.287441050361494810e-02
1.336927107398461430e+03 -4.211663376651242352e-03
1.336947940821964494e+03 1.644200462560307940e-03
1.336968774245090799e+03 3.697627385543578171e-03
1.336989607667818291e+03 2.393370549021334170e-03
1.337010441090153108e+03 -9.722574253645532849e-05
1.337031274512101845e+03 1.583640650007933637e-03
1.337052107933641992e+03 8.880555766886955027e-04
1.337093774775523116e+03 1.748165649067989769e-03
1.337114608195847495e+03 1.015840904865283889e-03
1.337135441615770333e+03 7.269625635263343710e-04
1.337156275035268436e+03 -3.136176722862149546e-04
1.337177108454359086e+03 -4.416396723823101667e-04
1.337197941873018181e+03 1.906765374815044822e-03
1.337218775291262773e+03 -1.720519371180562196e-03
1.337239608709069898e+03 7.815010428946500554e-04
1.337260442126446833e+03 -1.067652600382218431e-03
1.337281275543400170e+03 -5.618514691929643590e-05
1.337302108959906036e+03 3.606263144887433825e-04
1.337322942375982166e+03 -7.774237903228620183e-04
1.337343775791605367e+03 -2.927750411857221735e-03
1.337364609206792466e+03 -2.107711283253932422e-03
1.337385442621520724e+03 -1.438637705193257510e-03
1.337406276035796736e+03 -2.321604242029984277e-03
1.337427109449623686e+03 -1.763513807244598830e-03
1.337447942862983155e+03 -3.309861907823452576e-03
1.337489609688335122e+03 -3.924975846133271773e-03
1.337510443100308748e+03 -3.149600492872162150e-03
1.337531276511823989e+03 -5.654771509698175436e-03
1.337552109922858563e+03 -3.520694739108209959e-03
1.337572943333429976e+03 -3.031731734594256267e-03
1.337593776743516173e+03 -3.749154885348549016e-03
1.337635443562264072e+03 -2.293351836320733916e-03
1.337656276970922363e+03 -1.360943939177849948e-03
1.337677110379087708e+03 -4.537015038751368579e-04
1.337697943786768974e+03 -2.663744348118113336e-03
1.337718777193974347e+03 -1.775256627730037451e-03
1.337739610600683363e+03 -2.571535866099261547e-03
1.337760444006905118e+03 -2.913285703393109216e-03
1.337885444434019519e+03 -1.831755044098049012e-03
1.337927111239168880e+03 -1.435305482147652967e-03
1.337947944641016420e+03 -3.106735545358452200e-04
1.337968778042396025e+03 -1.208389061214898419e-03
1.337989611443290869e+03 -5.448658110690507428e-04
1.338010444843724599e+03 7.304008183102173035e-04
1.338031278243682209e+03 -2.368259970201957998e-03
1.338052111643188482e+03 8.275860362695341976e-04
1.338072945042229094e+03 -1.229680169493208020e-03
1.338093778440820870e+03 -1.841666943215081176e-03
1.338114611838981091e+03 -3.694879630171676865e-04
1.338135445236697706e+03 -3.229663303950136566e-03
1.338156278633999591e+03 -7.304008183102173035e-04
1.338177112030876970e+03 -3.069531354056742600e-03
1.338197945427350305e+03 -2.025378375504427453e-03
1.338218778823442790e+03 -2.390221701152883682e-04
1.338239612219146693e+03 -7.964687945490878107e-04
1.338260445614496575e+03 -4.109200195561935054e-03
1.338281279009488344e+03 -1.920418142467017475e-04
1.338302112404158834e+03 -3.506650222887652824e-03
1.338322945798506908e+03 -3.754999886894760941e-03
1.338343779192561669e+03 -1.758206433519204914e-03
1.338364612586355406e+03 -2.737431554531877254e-03
1.338385445979891074e+03 -6.040434547143869182e-03
1.338406279373213920e+03 -4.790917138133066189e-03
1.340635459049495239e+03 4.390148740911148373e-03
1.340656292569539119e+03 3.639139164530069692e-03
1.340677126089989088e+03 3.105903614648131139e-03
1.340697959610841281e+03 1.326984777180850728e-03
1.340718793132062501e+03 9.786530338096177672e-04
1.340739626653659570e+03 -1.457621424749699912e-04
1.340760460175599292e+03 1.697072772245511452e-03
1.340781293697879846e+03 -1.088236357358329798e-04
1.340802127220499415e+03 -6.546057391733084430e-04
1.340822960743426165e+03 2.038132739321629749e-03
1.340843794266669420e+03 -1.584695874896624446e-04
1.340864627790198483e+03 0.000000000000000000e+00
1.340885461314022450e+03 -6.723790380075422846e-04
1.340906294838111762e+03 4.539665817250293500e-04
1.340927128362476878e+03 -3.056512499300612085e-03
1.340947961887087786e+03 -1.037878154810489839e-03
1.340968795411945621e+03 -1.077056370856976919e-03
1.340989628937052203e+03 -2.229855342709807786e-03
1.341010462462378428e+03 6.092124542336208037e-04
1.341031295987935891e+03 6.986136812670018514e-05
1.341052129513697537e+03 1.704465727451198731e-04
1.341072963039674960e+03 -2.223826807227990976e-03
1.341114630092207562e+03 -2.440408401002125416e-04
1.341135463618748872e+03 7.704055061977799213e-04
1.341177130672366729e+03 5.746067635014062702e-04
1.341197964199420312e+03 1.436493702592134269e-03
1.341218797726643061e+03 2.019929919037766197e-03
1.341239631254007691e+03 3.571510222464269191e-04
1.341260464781528754e+03 1.557480633911922929e-03
1.341281298309181011e+03 1.114130663422807643e-03
1.341302131836978560e+03 1.409858425073351462e-03
1.341322965364896618e+03 1.039194187566150340e-03
1.341343798892949280e+03 2.604688198381666098e-03
1.341364632421112219e+03 3.358841353884756131e-03
1.341385465949390891e+03 1.480502122460314318e-03
1.341406299477789162e+03 5.112380601159927096e-03
1.341427133006284066e+03 5.734268454780866442e-03
1.341447966534890611e+03 5.454484531475678466e-03
1.341468800063584467e+03 3.697963352916389113e-03
1.341489633592381551e+03 4.138098221134978161e-03
1.341510467121257761e+03 4.104719056329586557e-03
1.341531300650229014e+03 1.419334404642147440e-03
1.341552134179271889e+03 3.821449025950940381e-03
1.341572967708402302e+03 5.583730685534527005e-03
1.341593801237596836e+03 4.853849758001627102e-03
1.341614634766862082e+03 3.263632755090228876e-03
1.341635468296204863e+03 5.548652954001753734e-03
1.341656301825601304e+03 6.066512631526910226e-03
1.341677135355068003e+03 2.876113748657149749e-03
1.341718802414162155e+03 6.239680846845785389e-03
1.341739635943782787e+03 6.268474125289746901e-03
1.341760469473462081e+03 6.487487363212585123e-03
1.341781303003177527e+03 3.274262798178551037e-03
1.341802136532936174e+03 6.131908370962557697e-03
1.341822970062745298e+03 4.873223250306146781e-03
1.341843803592582162e+03 5.769207779073637354e-03
1.341864637122464728e+03 6.236243040342204225e-03
1.341885470652370486e+03 5.945975253943913685e-03
1.341906304182316489e+03 4.908157739924257079e-03
1.341927137712280455e+03 5.259588481217991607e-03
1.341947971242270796e+03 3.628480699684022426e-03
1.341968804772295016e+03 3.165638202457521366e-03
1.341989638302330832e+03 2.186348926396353143e-03
1.342010471832396433e+03 1.279458925039556050e-03
1.342052138892568109e+03 1.823928101389760137e-03
1.342114639482917710e+03 3.049730095844083166e-03
1.342281307724097815e+03 -1.221418264311102675e-04
1.342302141254234357e+03 -1.076793575928380875e-03
1.342322974784375219e+03 -2.374946356821894256e-03
1.342343808314497892e+03 -5.205506137464510630e-04
1.342364641844622156e+03 -1.340503198753451031e-03
1.342385475374725502e+03 -1.039194187566150340e-03
1.342406308904817706e+03 -1.222520776279711896e-03
1.342427142434906500e+03 -4.262335490845536867e-05
1.342447975964970738e+03 1.679875937375174821e-03
1.342468809495029518e+03 8.119268919362099268e-04
1.342489643025061923e+03 1.675656287768445551e-04
1.342510476555086598e+03 2.153354854345534974e-03
1.342531310085081941e+03 -7.853494855035725308e-04
1.342552143615066825e+03 1.219296880935361038e-03
1.342572977145020786e+03 1.443137384334547413e-03
1.342593810674962469e+03 5.185270456824486729e-04
1.342614644204870729e+03 -6.129737162726689448e-04
1.342635477734764208e+03 9.512234829264221148e-04
1.342656311264622445e+03 -3.552683104925957736e-04
1.342677144794454307e+03 -1.823967629683842517e-03
1.342697978324268888e+03 1.435533663306398644e-03
1.342718811854044588e+03 4.066446380353916368e-03
1.342739645383801417e+03 2.155634069908818340e-03
1.342760478913517773e+03 1.866224607952382541e-03
1.342781312443213210e+03 6.508210884940135443e-04
1.342802145972866583e+03 2.842352517940960333e-03
1.342822979502496764e+03 4.801623127081655618e-03
1.342843813032083517e+03 4.603580564859655055e-03
1.342864646561635936e+03 3.979498826108929244e-03
1.342885480091162890e+03 5.105758378486702220e-03
1.342906313620643687e+03 4.845907609621336043e-03
1.342927147150097426e+03 3.196325245236608659e-03
1.342947980679503644e+03 2.852135225563046106e-03
1.342968814208881440e+03 4.955239152540369396e-03
1.342989647738209896e+03 2.042440501962339283e-03
1.343010481267508794e+03 2.583857455829452476e-03
1.343031314796756760e+03 2.496061075469624413e-03
1.343052148325973576e+03 3.048766544823555691e-03
1.343072981855138096e+03 2.033494340713093429e-03
1.343093815384270329e+03 2.443261055069756438e-03
1.343114648913348901e+03 2.473310768074110655e-03
1.343135482442383818e+03 9.566897245699701458e-04
1.343156315971383947e+03 4.820764326013748935e-03
1.343177149500328824e+03 2.969352027337834876e-03
1.343197983029237776e+03 2.517406632547736223e-03
1.343218816558090339e+03 1.926032666051735731e-03
1.343239650086905613e+03 2.445773060570921587e-04
1.343260483615663134e+03 2.332297671311822640e-03
1.343281317144382911e+03 1.392846634190036959e-03
1.343302150673043116e+03 1.946561990973094680e-03
1.343322984201664440e+03 -3.014989531990641680e-03
1.343343817730225510e+03 -3.042737683775831314e-03
1.343364651258736785e+03 -5.344758631122603632e-03
1.343385484787206224e+03 -4.762708186217379236e-03
1.343406318315614499e+03 -7.534113895795835347e-03
1.343427151843980482e+03 -4.933684605368804377e-03
1.343447985372283938e+03 -4.628520604621932932e-03
1.343468818900544193e+03 -5.468624105310571082e-03
1.343489652428741010e+03 -6.256584948461374474e-03
1.343531319484981623e+03 -7.862976740635629902e-03
1.343572986541001910e+03 -5.552827604768717507e-03
1.343614653596798462e+03 -2.690128572818473174e-03
1.343635487124616475e+03 -1.164473833796697555e-03
1.343656320652366958e+03 -3.734786232504228032e-03
1.343677154180073103e+03 -3.633110250272686415e-03
1.343697987707710809e+03 -5.532612598238562107e-03
1.343718821235296900e+03 -2.629599653935721371e-03
1.343739654762813416e+03 -3.480781250269404659e-03
1.343760488290270587e+03 -3.104851697815602662e-03
1.343781321817677281e+03 -5.704967358107659869e-03
1.343802155345013944e+03 -6.067536344106727597e-03
1.343822988872299902e+03 -4.736797240256884756e-03
1.343843822399514465e+03 -2.329848047806226674e-03
1.343864655926677415e+03 -4.523133151375868799e-03
1.343885489453768287e+03 -2.546439700411573526e-03
1.343906322980806863e+03 -5.432930019943604805e-03
1.343927156507772906e+03 -3.688366998931491558e-03
1.343947990034675286e+03 -4.228465381122425981e-03
1.343989657088299282e+03 -5.812897191697197208e-03
1.344010490615019989e+03 -5.411780698759693919e-03
1.344031324141665664e+03 -4.441456151266898189e-03
1.344052157668256314e+03 -5.526330559175729462e-03
1.344072991194771930e+03 -3.876472703483790916e-03
1.344093824721231158e+03 -5.428815750539217611e-03
1.344114658247614443e+03 -5.869313288581312626e-03
1.344135491773941567e+03 -5.553665200665469648e-03
1.344156325300191611e+03 -3.692631686880720743e-03
1.344177158826383902e+03 -3.334126606713616603e-03
1.344197992352499114e+03 -5.730310511601666157e-03
1.344218825878556345e+03 -3.378904934693061080e-03
1.344239659404534905e+03 -6.598089524715633480e-03
1.344302159982077910e+03 -4.727361293643039808e-03
1.344322993507780211e+03 -4.419753564473216656e-03
1.344343827033422485e+03 -3.890620091399399350e-03
1.344364660558984042e+03 -5.870791192381985546e-03
1.344385494084475113e+03 -5.169288219097900594e-03
1.344406327609905247e+03 -3.422715226438666214e-03
1.344427161135253755e+03 -6.147159232806620466e-03
1.344447994660540644e+03 -3.744897200670282977e-03
1.344468828185745679e+03 -2.188399829571530120e-03
1.344489661710888413e+03 -4.927169409013498758e-03
1.344510495235948383e+03 -2.666237345243516188e-03
1.344552162285859140e+03 -2.619793046426233118e-03
1.344572995810709244e+03 -2.769216269596141977e-03
1.344593829335475448e+03 -1.717112998232628307e-03
1.344614662860177305e+03 6.301813501802255857e-04
1.344635496384794351e+03 -1.221962721419500575e-03
1.344739664006770909e+03 9.629456642356037932e-04
1.344760497530943894e+03 -8.367018636336043258e-04
1.344781331055030023e+03 1.637587644440219314e-03
1.344802164579049304e+03 -7.348155472965967050e-04
1.344822998102980591e+03 -1.888387039094441278e-03
1.344843831626844576e+03 1.346106631838539514e-03
1.344864665150620567e+03 1.780347164785922587e-04
1.344885498674327891e+03 1.494513434335598134e-03
1.344906332197946767e+03 -2.025947845862741126e-03
1.344927165721486290e+03 1.103229646605141667e-03
1.344947999244957145e+03 6.998399810601574345e-04
1.344968832768338189e+03 2.600329073390028611e-03
1.344989666291648746e+03 -1.544559629622854757e-03
1.345010499814869490e+03 -1.112107434506515169e-03
1.345031333338019294e+03 -1.200126153936609263e-03
1.345052166861078604e+03 1.673587164354728429e-04
1.345073000384066745e+03 -1.871629875579761126e-03
1.345093833906963255e+03 3.035843906812552007e-03
1.345114667429787687e+03 1.250952629025081642e-03
1.345135500952520488e+03 1.676453184155213272e-03
1.345156334475180302e+03 2.001100436549441142e-04
1.345177167997748029e+03 1.507290055867582801e-03
1.345198001520242087e+03 3.421550402308515260e-03
1.345218835042642695e+03 3.503921992520808715e-03
1.345239668564970088e+03 2.813962967724514819e-03
1.345260502087203122e+03 -1.780347164785922587e-04
1.345281335609361804e+03 3.767163302974330108e-03
1.345302169131425899e+03 -1.155031977918774544e-03
1.345323002653414960e+03 3.938427619205597807e-04
1.345343836175308752e+03 1.681416783924194469e-03
1.345364669697117051e+03 2.486370290725181675e-04
1.345385503218848953e+03 -1.637551579668494739e-04
1.345406336740484903e+03 2.605671408293486202e-03
1.345427170262044001e+03 3.379148767482353932e-03
1.345448003783506692e+03 1.811675164181347775e-03
1.345468837304892077e+03 -4.390631054277394085e-04
1.345489670826179690e+03 1.932124675821045301e-03
1.345510504347389087e+03 -1.752978174796027133e-05
1.345531337868500941e+03 1.371708630423018604e-03
1.345552171389533896e+03 3.030692900350850927e-03
1.345573004910468171e+03 5.284977239856214482e-03
1.345593838431323093e+03 3.465558956169623173e-03
1.345614671952078197e+03 5.516413401979503028e-03
1.345635505472753493e+03 4.442476406454565208e-03
1.345656338993328973e+03 7.486408515580578182e-03
1.345677172513823507e+03 3.822403714214051007e-03
1.345698006034217769e+03 2.044521840358526354e-03
1.345718839554530405e+03 5.164003666879191101e-03
1.345739673074741404e+03 2.330978060315236355e-03
1.345760506594870776e+03 2.074395798468020580e-03
1.345781340114897603e+03 5.809280422557905332e-03
1.345802173634831888e+03 7.058440427325507471e-04
1.345823007154683410e+03 5.634600252387378383e-03
1.345843840674431704e+03 4.401611943865124665e-03
1.345864674194096096e+03 2.001941326228440232e-03
1.345885507713656580e+03 4.462181818859156657e-03
1.345906341233132935e+03 4.721536251837243903e-03
1.345927174752504470e+03 5.977462122398469191e-04
1.345948008271790968e+03 2.302469328396838932e-03
1.345968841790972192e+03 3.192924267519603454e-03
1.345989675310067696e+03 9.760743220166290257e-05
1.346010508829056789e+03 1.350645383599746729e-03
1.346031342347959708e+03 1.913974355842729125e-04
1.346052175866755533e+03 -4.171985742367212424e-04
1.346073009385464502e+03 3.260591854854832938e-03
1.346093842904065696e+03 5.650879155710275548e-03
1.346114676422578896e+03 3.054204741421040481e-03
1.346135509940983638e+03 4.446216719929396710e-03
1.346156343459299933e+03 4.749007262144000485e-03
1.346177176977507088e+03 5.734399810847778944e-03
1.346198010495624885e+03 9.077506341411245572e-03
1.346218844013632634e+03 7.205375720461759670e-03
1.346239677531550342e+03 7.592984887022646845e-03
1.346260511049357547e+03 7.930323551272433491e-03
1.346281344567073575e+03 5.460976248075510853e-03
1.346302178084678417e+03 7.648213904863365720e-03
1.346323011602181623e+03 4.771556661538278732e-03
1.346343845119592743e+03 5.433791653680297706e-03
1.346364678636891085e+03 5.540161122944864402e-03
1.346385512154096205e+03 4.823604924939384198e-03
1.346406345671188319e+03 4.953868398015703889e-03
1.346427179188186301e+03 7.903600050321424320e-03
1.346448012705080828e+03 4.696803661030757304e-03
1.346468846221860304e+03 6.270957534538768030e-03
1.346489679738534960e+03 8.653218377740468092e-03
1.346510513255113892e+03 1.016408581250860532e-02
1.346531346771577546e+03 8.392929030090368059e-03
1.346552180287944793e+03 1.151116584164690870e-02
1.346573013804195625e+03 1.036562328504286867e-02
1.346593847320348914e+03 1.279452372795841786e-02
1.346614680836384878e+03 4.563471895725368377e-03
1.346635514352323298e+03 1.249659619913379149e-02
1.346656347868143030e+03 1.210609742080126505e-02
1.346677181383864081e+03 9.229720099040439329e-03
1.346698014899465534e+03 1.264442130516896245e-02
1.346739681930349889e+03 1.284012688598590302e-02
1.346760515445631199e+03 1.194377091795595369e-02
1.346781348960791775e+03 9.843430551941256823e-03
1.346802182475850941e+03 9.215327786807780974e-03
1.346823015990788008e+03 9.520875927431227126e-03
1.346864683020334496e+03 1.044703967372850872e-02
1.346885516534943008e+03 8.760903384828266915e-03
1.346906350049428056e+03 7.727272148241426386e-03
1.346927183563808740e+03 9.333943117479703844e-03
1.346948017078064595e+03 8.429512636614289178e-03
1.346968850592215176e+03 5.950031398388677673e-03
1.346989684106240475e+03 3.746113412103735385e-03
1.347010517620149130e+03 5.137902272301597684e-03
1.347031351133951603e+03 3.928364871990885909e-03
1.347073018161171376e+03 4.200878216163217438e-03
1.347093851674620737e+03 4.963708852860015952e-03
1.347114685187941177e+03 3.942247459944869803e-03
1.347406354361753074e+03 2.726914607493746701e-03
1.347427187873231105e+03 3.311136053654739619e-03
1.349427204279952321e+03 -7.304285290215206672e-03
1.349531371755883811e+03 -7.775121024708120387e-03
1.349552205250413635e+03 -5.346600059793482629e-03
1.349593872238821177e+03 -7.938155036892990957e-03
1.349614705732696393e+03 -6.567998780561357108e-03
1.349739706691150332e+03 -6.420074624226002058e-03
1.349760540183412559e+03 -6.420915090793677393e-03
1.349781373675449686e+03 -5.038109164444914967e-03
1.349802207167240113e+03 -5.728918345542566293e-03
1.349823040658802483e+03 -5.267351239392259465e-03
1.349843874150114289e+03 -3.973325427538032528e-03
1.349864707641195309e+03 -5.432218459353599371e-03
1.349885541132022809e+03 -4.745553021834436613e-03
1.349906374622615431e+03 -3.192790787715393819e-03
1.349927208112951121e+03 -2.646517574058204758e-03
1.349948041603048978e+03 -3.971270832618611912e-03
1.349968875092886719e+03 -2.282546313839728391e-03
1.349989708582482308e+03 -3.266654988995365549e-03
1.350010542071815053e+03 -1.641125897971051906e-03
1.350031375560902234e+03 -2.590820482430311600e-03
1.350052209049722478e+03 -1.864956298318176664e-03
1.350073042538293521e+03 -1.927157751493213667e-03
1.350093876026593989e+03 -2.059824938294929630e-03
1.350114709514641845e+03 1.403232637264828497e-05
1.350135543002415034e+03 -1.473898122331340765e-03
1.350156376489931972e+03 1.039432356878866592e-03
1.350177209977170605e+03 -6.733785074710674223e-04
1.350198043464148896e+03 -3.998758202106156290e-04
1.350218876950845015e+03 0.000000000000000000e+00
1.350239710437276926e+03 -1.818128518263573135e-03
1.350260543923432806e+03 -3.015361509095315640e-03
1.350281377409299921e+03 -8.515747102044723960e-04
1.350302210894887367e+03 -1.320567803675620766e-03
1.350323044380202191e+03 -8.338685761497544036e-04
1.350343877865222566e+03 -1.768755371104324681e-04
1.350364711349966228e+03 -1.885526809602966480e-04
1.350385544834411121e+03 -1.300784055876857970e-03
1.350406378318575435e+03 -2.121068852059315724e-03
1.350427211802436887e+03 -1.963424320810980284e-03
1.350448045286012302e+03 -2.618164774341846801e-03
1.350468878769290768e+03 -1.762475216940173617e-03
1.350489712252259551e+03 -2.457312770114294942e-03
1.350510545734935704e+03 -4.161629449515258372e-03
1.350531379217298081e+03 -3.113843618035239125e-03
1.350552212699363281e+03 -2.419210769921908977e-03
1.350573046181109248e+03 -2.231183038208128799e-03
1.350593879662554173e+03 -5.021689607374257847e-03
1.350614713143675090e+03 -4.420673423053966822e-03
1.350635546624489962e+03 -4.097973306180779929e-03
1.350656380104975824e+03 -2.269958591799681180e-03
1.350677213585150639e+03 -4.474854865513688829e-03
1.350698047064991442e+03 -4.498079809328148215e-03
1.350718880544516196e+03 -5.197956264064718113e-03
1.350739714023701936e+03 -4.930431402861090717e-03
1.350760547502566169e+03 -4.197262899760745292e-03
1.350781380981086386e+03 -3.279024387263351770e-03
1.350802214459279639e+03 -3.422799851444557895e-03
1.350823047937123647e+03 -3.169584301317751596e-03
1.350843881414635916e+03 -3.906855210822013369e-03
1.350864714891793028e+03 -4.270777992493646202e-03
1.350885548368612490e+03 -3.545757490308720783e-03
1.350927215321187532e+03 -2.060546637933535763e-03
1.350948048796946978e+03 -8.867531379265214397e-04
1.350968882272338078e+03 -2.836465114169572921e-03
1.350989715747377204e+03 -2.417924142447014368e-03
1.351010549222041391e+03 3.318900229830612503e-04
1.351031382696347919e+03 1.222583769892038319e-04
1.351073049643836612e+03 -2.812605900340825471e-04
1.351093883117012410e+03 -1.135161083231195356e-03
1.351114716589818499e+03 -3.837852566644928132e-04
1.351156383534269025e+03 2.828636292804276309e-04
1.351177217005907096e+03 -6.717096193886717970e-04
1.351198050477163179e+03 1.887055873991627664e-03
1.351218883948014081e+03 2.145707368291338568e-03
1.351239717418475948e+03 2.563240954932877180e-03
1.351260550888526495e+03 1.337876916315372533e-03
1.351281384358181640e+03 1.218345466094672425e-03
1.351302217827418872e+03 3.555988014663724606e-03
1.351323051296254107e+03 -3.727435795255251705e-03
1.351343884764664608e+03 -2.961498911728166483e-02
1.351427218634091787e+03 -5.886337617885373241e-02
1.351448052100369523e+03 -5.810282216790008114e-02
1.351468885566230028e+03 -5.678278608102071967e-02
1.351489719031641926e+03 -5.287628640191277540e-02
1.351510552496622040e+03 -3.844861755882633680e-02
1.351531385961146952e+03 -1.068749854908079833e-02
1.351552219425233488e+03 2.602205067830265506e-03
1.351573052888858001e+03 4.606937684014766887e-03
1.351593886352037089e+03 4.321026210743261764e-03
1.351614719814748014e+03 2.470378502120618158e-03
1.351635553277006693e+03 3.626970182718292079e-03
1.351698053660957385e+03 1.893667758600003914e-03
1.351739720581224901e+03 2.100319986305887454e-03
1.351760554040642091e+03 1.582503817147751235e-03
1.351802220958010821e+03 1.977426496698075908e-03
1.351823054415955539e+03 6.731351891122727693e-04
1.351843887873416406e+03 -5.410947412841649040e-04
1.351864721330371140e+03 -6.480395541527128600e-04
1.351885554786836337e+03 -4.501805173352524392e-04
1.351906388242790172e+03 -1.345852006717773719e-03
1.351927221698249696e+03 -9.619376863490014529e-04
1.351948055153201494e+03 -8.916266000094097421e-04
1.351968888607634881e+03 -1.091915789242392520e-03
1.351989722061557131e+03 -6.403773186858252586e-04
1.352031388967879820e+03 -1.147308018680015529e-03
1.352052222420257067e+03 -1.052516834936900736e-03
1.352073055872126361e+03 -2.998859804470566104e-05
1.352093889323466328e+03 -2.113989461588805518e-03
1.352114722774296069e+03 -2.704705280145325297e-03
1.352156389674383490e+03 -3.042674792842592346e-03
1.352239723468308512e+03 -2.672497193613065924e-03
1.352260556915487541e+03 -1.362179788953699067e-03
1.352281390362160209e+03 -2.162665449643275117e-03
1.352302223808309918e+03 -8.118194217001661883e-04
1.352323057253959178e+03 -6.053121515090520433e-04
1.352343890699102076e+03 -7.813428497754904001e-04
1.352364724143732246e+03 -1.223762622736268568e-03
1.352385557587874246e+03 -9.164327694894947030e-04
1.352406391031514431e+03 4.455317374785217055e-05
1.352427224474678951e+03 -5.535054174443665431e-06
1.352448057917354618e+03 -6.866978761503883533e-04
1.352468891359569170e+03 -1.116825072574711974e-03
1.352489724801312605e+03 -1.120654780471408429e-03
1.352510558242614024e+03 -8.604588829510539938e-04
1.352531391683464562e+03 2.648285561352992090e-04
1.352552225123896960e+03 -1.338906814480567142e-03
1.352573058563903942e+03 9.338807746341881710e-04
1.352593892003520750e+03 6.560839045574029527e-04
1.352614725442752842e+03 5.200744881673768916e-04
1.352635558881608404e+03 5.456334219668956820e-04
1.352656392320126315e+03 4.680137992407740199e-05
1.352677225758307713e+03 -3.096002569481504096e-04
1.352698059196193526e+03 -5.602760500117431874e-04
1.352718892633789665e+03 2.861146630408484270e-04
1.352739726071142059e+03 1.062879643682013153e-03
1.352760559508257757e+03 -2.021299985287550172e-04
1.352781392945188600e+03 1.032620365054470746e-03
1.352802226381946411e+03 -1.498351194191283042e-04
1.352823059818585762e+03 -1.780925598211746674e-03
1.352843893255124613e+03 -1.263360538054980609e-03
1.352864726691622309e+03 -9.715080392669328546e-04
1.352885560128101133e+03 -6.958536162227080268e-04
1.352906393564625887e+03 -1.951745655281333924e-03
1.352927227001224765e+03 -6.446180803940659843e-04
1.352948060437967797e+03 -2.470378502120618158e-03
1.352968893874887954e+03 -2.147626184090034585e-03
1.352989727312062087e+03 -2.052330261831492031e-03
1.353010560749538399e+03 -2.644662659999852394e-03
1.353031394187368960e+03 -2.448459116245471634e-03
1.353052227625638352e+03 -3.227859329449800363e-03
1.353073061064393642e+03 -4.258879153294037323e-03
1.353093894503724641e+03 -4.144560108799599796e-03
1.353114727943684102e+03 -5.153298849184362318e-03
