1.325656203643820390e+03 -2.044631532778007355e-03
1.325677037095830883e+03 -3.098492102981187379e-03
1.325718704002704499e+03 -2.160772859762460918e-03
1.325760370913193810e+03 -4.131784909307434361e-03
1.325781204369705620e+03 -1.347558004388460517e-03
1.325864538203562688e+03 -3.981318024441793391e-03
1.325885371663832075e+03 -1.510152780717533005e-03
1.326010372438778859e+03 -4.134257015494524623e-04
1.326072872833836755e+03 -8.015119194737518882e-04
1.326093706299857104e+03 -3.262017259664573565e-03
1.326114539766334701e+03 -9.501560551228305229e-04
1.326156206700637085e+03 -4.064666990669096869e-03
1.326177040168420717e+03 -3.327140851473231464e-03
1.326197873636619533e+03 -1.873906937027713937e-03
1.326218707105198973e+03 -4.851763443383227958e-03
1.326239540574155171e+03 -3.571926713302198131e-03
1.326260374043484717e+03 -3.011022411611552485e-03
1.326281207513155096e+03 -2.322797636587603520e-03
1.326302040983436882e+03 -3.948173045158487326e-03
1.326322874454006296e+03 -2.317918640663219065e-03
1.326364541395628976e+03 -4.434605278730296973e-03
1.326385374866880056e+03 -3.684148918895457925e-03
1.326406208338413990e+03 -2.998728214433921124e-03
1.326427041810230776e+03 -1.081680332322254579e-03
1.326447875282300856e+03 -3.133167730479113899e-03
1.326489542227203628e+03 -7.770045817023785162e-05
1.326510375700009035e+03 1.599441036375104375e-04
1.326531209173052503e+03 6.649716347318923582e-04
1.326552042646305608e+03 -3.135799915942039107e-04
1.326572876119771081e+03 -1.884673400781577968e-04
1.326593709593450967e+03 -3.943183810706241132e-04
1.326614543067317982e+03 -8.971564438753354409e-04
1.326656210015625675e+03 2.388051446732042393e-03
1.326697876964631178e+03 1.228524301074007674e-03
1.326718710439392908e+03 2.197009660290016875e-03
1.326739543914302885e+03 4.049089508591841025e-03
1.326760377389375662e+03 1.956954892405882163e-04
1.326781210864585091e+03 3.861124493855894180e-03
1.326802044339935492e+03 4.184266682089265998e-03
1.326885378242670413e+03 4.435166978903559709e-03
1.326927045194757056e+03 4.817955395839845778e-03
1.326947878670959426e+03 2.666267131682054092e-03
1.327010379100182035e+03 3.932158042436628698e-03
1.327031212576775033e+03 5.615876596216762273e-03
1.327052046053466483e+03 3.430462661835442795e-03
1.327072879530231830e+03 7.082459297062304593e-03
1.327093713007087899e+03 3.625807077265452705e-03
1.327114546484012180e+03 5.278579997918031452e-03
1.327218713869701105e+03 6.428858536053905226e-03
1.327239547347023972e+03 2.633944578591784769e-03
1.327260380824412778e+03 4.295404520843537632e-03
1.327281214301845012e+03 1.643198336031992390e-03
1.327302047779327950e+03 8.992891030151772824e-04
1.327322881256869778e+03 7.217313974006156485e-05
1.327343714734447076e+03 -2.938992579254451343e-04
1.327364548212067803e+03 -1.443962331245773889e-03
1.327385381689739688e+03 7.540088523085852756e-04
1.327406215167439996e+03 -2.822572105811715915e-04
1.327427048645177138e+03 2.712699383146111032e-04
1.327447882122958845e+03 2.937379861081002019e-04
1.327489549078606160e+03 7.562832954617348946e-04
1.327510382556468358e+03 8.678430198669762063e-04
1.327531216034356703e+03 2.097388750146533809e-03
1.327552049512279382e+03 1.720978616099322345e-03
1.327572882990214566e+03 1.272034929994059205e-03
1.327593716468180901e+03 7.377904859133810334e-04
1.327614549946155421e+03 1.127608835815530064e-03
1.327656216902164942e+03 -5.615745128001448094e-04
1.327677050380186756e+03 1.217451796962754074e-03
1.327697883858220621e+03 1.561049399540270777e-03
1.327718717336275404e+03 6.732710628429838806e-04
1.327739550814329505e+03 1.639751024228419674e-03
1.327760384292391109e+03 4.119948743863677265e-04
1.327802051248542966e+03 1.398688679190795980e-03
1.327822884726629582e+03 -1.281617923064026776e-03
1.327864551682788942e+03 1.826632301377473233e-03
1.327885385160878968e+03 -1.427769928074473782e-03
1.327906218638957398e+03 -2.009379822533352566e-03
1.327927052117032872e+03 -1.551409681429749554e-03
1.327947885595114485e+03 -2.878157082850663073e-04
1.327968719073180864e+03 -7.427942722847413748e-04
1.327989552551251109e+03 -2.107571610806657780e-03
1.328010386029304300e+03 -1.698454655608361286e-03
1.328031219507358855e+03 -2.355795773335112031e-03
1.328052052985394084e+03 -1.220906630553075800e-03
1.328072886463418627e+03 2.269640847493148428e-04
1.328093719941441577e+03 -7.393898993075520565e-04
1.328114553419442245e+03 2.431478436349832073e-03
1.328135386897429044e+03 1.723811044603174025e-03
1.328156220375401517e+03 1.077197899759907429e-03
1.328177053853368989e+03 3.124741750180404232e-03
1.328197887331310085e+03 1.826213813745480863e-03
1.328218720809243905e+03 4.185204730784763960e-03
1.328239554287149986e+03 2.667431247973528485e-03
1.328260387765046971e+03 2.860478375265929074e-03
1.328281221242914398e+03 2.717604766063974608e-03
1.328302054720760907e+03 1.849352543974447372e-03
1.328322888198596502e+03 2.155248569977952222e-03
1.328343721676399809e+03 1.672614569778851923e-03
1.328364555154180380e+03 1.186024767842908112e-03
1.328385388631947080e+03 1.103525759189594169e-03
1.328406222109679675e+03 1.749887520672732677e-03
1.328427055587397035e+03 2.054406927426311036e-03
1.328447889065078698e+03 4.913731281959154984e-04
1.328468722542733758e+03 2.620894367709625250e-03
1.328510389497971119e+03 2.489858959495050428e-03
1.328531222975542960e+03 4.604945694348772101e-03
1.328552056453095702e+03 4.027573074484203097e-03
1.328572889930607971e+03 5.760851836941860427e-03
1.328593723408090227e+03 6.648584128972956364e-03
1.328614556885551110e+03 5.078029292390984217e-03
1.328635390362970384e+03 5.532308462793844583e-03
1.328656223840367602e+03 5.747690629744117707e-03
1.328677057317722074e+03 5.231652058000690886e-03
1.328697890795042895e+03 3.348518374112097185e-03
1.328718724272339841e+03 1.343655732657267343e-03
1.328739557749592450e+03 1.891952393299534130e-03
1.328760391226809816e+03 -3.426147818957225866e-03
1.328781224704001488e+03 1.225568323147130378e-03
1.328802058181147231e+03 -1.363017124339060970e-03
1.328822891658266371e+03 -1.909766690008418699e-03
1.328843725135338218e+03 1.980231076961880277e-03
1.328864558612372321e+03 -3.486961068078775483e-04
1.328885392089378911e+03 -2.268726826159306320e-03
1.328906225566336389e+03 -6.471102626944835734e-04
1.328927059043264762e+03 -7.240379221286064038e-04
1.328947892520143796e+03 -2.112257195976185997e-03
1.328968725996981902e+03 -1.167570213152835379e-03
1.328989559473790905e+03 4.897308769447050736e-05
1.329010392950548066e+03 -1.172989176150052160e-03
1.329031226427273623e+03 -1.507696338993835816e-03
1.329052059903947793e+03 -8.001679727619448457e-04
1.329072893380579671e+03 -2.495949137833020082e-03
1.329093726857168804e+03 -2.312730105052840379e-03
1.329114560333724512e+03 -2.437147473194345437e-04
1.329135393810226788e+03 1.593065607154997565e-03
1.329156227286694957e+03 9.944844166266397778e-04
1.329177060763108784e+03 1.064625175838496141e-03
1.329218727715812292e+03 3.523330942084013095e-03
1.329239561192090832e+03 1.298931667791047850e-03
1.329260394668332992e+03 -1.377561220254897023e-04
1.329281228144519218e+03 1.888797871229197511e-03
1.329302061620658378e+03 1.407383383699500889e-03
1.329322895096760703e+03 1.607781695362908714e-03
1.329343728572805503e+03 1.919202929125951584e-04
1.329364562048812559e+03 -4.914173629019247258e-04
1.329385395524761179e+03 1.077024648948210483e-03
1.329406229000661369e+03 8.700581235965287874e-05
1.329427062476522451e+03 2.458114327359761653e-03
1.329447895952324416e+03 -2.779515640765062301e-04
1.329489562903788737e+03 -1.057368911602574180e-03
1.329510396379440635e+03 4.505352983188992688e-03
1.329531229855042511e+03 2.440275870922992141e-04
1.329552063330602323e+03 2.482769153729469380e-03
1.329572896806101198e+03 1.776373288976729192e-03
1.329593730281558237e+03 2.881274836592617739e-03
1.329614563756953658e+03 2.728422594135193613e-03
1.329635397232306332e+03 2.442673296565001095e-03
1.329656230707596478e+03 4.218275328677134617e-03
1.329677064182833647e+03 2.464766921150052248e-03
1.329697897658027387e+03 3.309671087289856040e-03
1.329718731133162919e+03 2.332075165955016516e-03
1.329739564608244109e+03 2.797062060798549687e-03
1.329760398083275959e+03 1.810568176529914197e-03
1.329781231558243235e+03 1.031718262506031714e-03
1.329802065033165491e+03 2.621160541878442274e-03
1.329822898508022490e+03 6.149758091090751222e-04
1.329843731982824011e+03 1.674848082781510428e-03
1.329864565457579829e+03 5.763926201344249378e-04
1.329885398932269709e+03 1.941178917768016099e-03
1.329906232406902745e+03 2.398688947164995255e-03
1.329927065881489170e+03 4.557098057401232083e-03
1.329947899356008293e+03 3.772411217874194200e-03
1.329968732830480803e+03 2.442119297380918042e-03
1.330031233253529763e+03 4.197805038781976528e-03
1.330052066727759893e+03 2.469998439161846804e-03
1.330093733676052352e+03 2.423816966106162596e-03
1.330114567150104904e+03 4.181719175267106792e-03
1.330156234098040159e+03 4.444147143323307070e-03
1.330177067571912858e+03 2.153451324597432937e-03
1.330197901045734397e+03 2.834157519558178073e-03
1.330218734519485679e+03 5.816829868976469697e-03
1.330239567993185119e+03 4.236976629735655919e-03
1.330260401466814074e+03 4.658433825661889571e-03
1.330281234940380727e+03 5.411930567983391782e-03
1.330302068413895313e+03 6.486220991791413759e-03
1.330322901887337821e+03 6.810748125780752282e-03
1.330364568834044348e+03 7.242386945923828812e-03
1.330385402307298364e+03 6.213525791691210109e-03
1.330406235780498719e+03 7.309331582118994142e-03
1.330427069253625405e+03 6.841914365815826571e-03
1.330447902726688199e+03 8.680298698639288268e-03
1.330468736199696423e+03 6.899335492115743484e-03
1.330489569672629841e+03 7.182406578138178510e-03
1.330510403145508917e+03 5.815353946656331985e-03
1.330531236618312505e+03 5.470999418903055300e-03
1.330552070091050837e+03 7.902934660351079721e-03
1.330572903563733234e+03 9.289231145677812052e-03
1.330593737036339917e+03 7.577720413893040963e-03
1.330614570508889983e+03 9.222094070126862775e-03
1.330635403981363652e+03 1.046962376353710589e-02
1.330656237453770018e+03 1.027669907412720463e-02
1.330677070926119768e+03 9.120184726786328966e-03
1.330697904398391756e+03 7.988456508490560104e-03
1.330718737870605992e+03 9.972242097568750907e-03
1.330739571342742465e+03 9.563125547123130232e-03
1.330760404814810499e+03 8.159045928427643979e-03
1.330781238286820098e+03 5.848882715004943833e-03
1.330802071758750344e+03 4.883441269311394883e-03
1.330822905230611241e+03 1.044709195495985288e-02
1.330843738702413020e+03 8.672355642906248718e-03
1.330864572174134992e+03 7.375017678461270876e-03
1.330885405645796709e+03 9.594378726007657399e-03
1.330906239117378391e+03 7.604182966155170753e-03
1.330927072588889132e+03 8.821016927728075885e-03
1.330947906060338937e+03 1.057711911780268021e-02
1.330968739531707570e+03 8.274552792643774524e-03
1.330989573003004352e+03 7.737778953829876905e-03
1.331010406474239517e+03 8.531938665274463318e-03
1.331031239945392372e+03 6.585548824406650681e-03
1.331052073416482926e+03 6.792400170242851587e-03
1.331072906887490717e+03 5.463407344378223840e-03
1.331093740358435070e+03 7.773992373368732167e-03
1.331114573829296432e+03 7.166115890924862342e-03
1.331135407300083898e+03 4.556092463136818260e-03
1.331156240770807699e+03 7.492693382675441605e-03
1.331177074241446689e+03 7.405432388827848378e-03
1.331197907712011101e+03 2.603210074504591631e-03
1.331218741182511167e+03 6.472602657620840638e-03
1.331239574652925512e+03 6.784690962907680145e-03
1.331260408123274601e+03 5.598874926158403653e-03
1.331281241593537516e+03 5.351813525338755539e-03
1.331302075063724487e+03 5.841327540185625722e-03
1.331322908533845066e+03 7.403743430017706295e-03
1.331343742003878333e+03 7.762879972238789783e-03
1.331364575473844980e+03 6.759778148148098964e-03
1.331385408943724087e+03 6.143805677292890621e-03
1.331406242413525206e+03 7.282552122253038718e-03
1.331427075883258340e+03 3.743044828574793037e-03
1.331447909352903253e+03 6.503006150715973099e-03
1.331468742822469267e+03 6.569922196063116004e-03
1.331489576291965705e+03 7.552631313551216863e-03
1.331510409761373239e+03 6.901418977010020939e-03
1.331531243230710743e+03 7.380850175414011005e-03
1.331552076699958207e+03 8.350981711563565391e-03
1.331572910169125635e+03 9.084371951030290049e-03
1.331593743638221895e+03 9.890224603210651111e-03
1.331614577107227433e+03 1.001111028424039873e-02
1.331635410576161121e+03 1.225194204188018166e-02
1.331656244045003177e+03 8.468201720437162905e-03
1.331677077513762924e+03 1.089755217350329985e-02
1.331697910982450367e+03 9.712295867217113354e-03
1.331718744451045040e+03 1.076420342224326809e-02
1.331739577919556496e+03 1.278766319745627822e-02
1.331760411387994509e+03 9.250442746973508434e-03
1.331781244856338390e+03 1.365615258330343806e-02
1.331802078324607919e+03 1.329860373499969217e-02
1.331822911792783088e+03 1.128811869245505140e-02
1.331843745260883225e+03 1.303149564266814497e-02
1.331864578728888091e+03 1.285871411448535895e-02
1.331885412196807238e+03 1.358131595005063197e-02
1.331906245664649987e+03 1.340548530088769841e-02
1.331927079132396557e+03 1.257952478134405361e-02
1.331947912600066502e+03 1.164595672911805657e-02
1.331968746067639131e+03 1.106299900554530424e-02
1.331989579535123994e+03 1.431041316918213457e-02
1.332010413002530868e+03 1.343358852100107192e-02
1.332031246469839289e+03 1.294663592559819332e-02
1.332052079937069266e+03 1.303406150023833643e-02
1.332072913404200108e+03 1.268344761986606173e-02
1.332093746871241592e+03 1.329850944533450541e-02
1.332114580338202813e+03 1.160348511739583977e-02
1.332135413805063990e+03 1.289535734937252709e-02
1.332156247271834900e+03 1.323946514632612370e-02
1.332177080738524182e+03 1.309070730768813196e-02
1.332197914205111601e+03 1.198380711346958005e-02
1.332218747671617848e+03 1.007398464675224314e-02
1.332239581138021549e+03 1.177224938937426746e-02
1.332260414604332482e+03 8.892680972592326150e-03
1.332281248070560196e+03 1.072898115179898859e-02
1.332302081536684909e+03 1.054532411716524454e-02
1.332322915002725040e+03 1.109912759774422941e-02
1.332343748468661033e+03 7.725321427596743007e-03
1.332364581934501985e+03 8.744696576266419719e-03
1.332385415400257898e+03 9.538924007688964757e-03
1.332427082331472093e+03 7.283554009747228442e-03
1.332447915796929692e+03 6.026992737830694224e-03
1.332468749262290203e+03 6.424201721035416313e-03
1.332489582727563402e+03 6.764493078791011804e-03
1.332510416192728599e+03 6.765777984046983384e-03
1.332531249657805574e+03 6.362149520710902451e-03
1.332552083122773411e+03 6.277881793456896453e-03
1.332572916587642339e+03 9.942873378043559640e-03
1.332593750052421683e+03 5.141448170989160182e-03
1.332614583517090978e+03 7.153604234539479023e-03
1.332635416981659091e+03 7.148534173635368028e-03
1.332656250446136482e+03 7.541275171311201397e-03
1.332677083910502233e+03 5.814608209176230780e-03
1.332697917374775898e+03 6.307305585958822292e-03
1.332718750838936785e+03 9.019376400262069104e-03
1.332739584303005131e+03 7.907150269049534330e-03
1.332760417766959790e+03 7.268513814444488297e-03
1.332781251230810312e+03 5.219884365982196961e-03
1.332822918158207813e+03 7.918419668700660274e-03
1.332864585085183307e+03 6.705751386281599835e-03
1.332885418548506323e+03 3.182937029867605183e-03
1.332906252011732249e+03 4.924896206304762991e-03
1.332927085474840851e+03 2.260539460725574656e-03
1.332947918937841678e+03 4.559557664096658414e-03
1.332968752400743597e+03 4.842317199478807233e-03
1.332989585863526599e+03 6.361027754004378032e-03
1.333010419326209558e+03 5.082112433656638117e-03
1.333031252788772917e+03 4.071717033396038410e-03
1.333052086251224864e+03 1.288918019889395694e-03
1.333072919713576084e+03 4.304299942205380702e-03
1.333093753175805205e+03 6.745367933103540992e-03
1.333114586637932007e+03 3.927327439104288942e-03
1.333135420099936027e+03 3.963420944685158709e-03
1.333156253561826361e+03 4.438446313359656337e-03
1.333177087023612785e+03 6.816172653563046246e-03
1.333197920485274381e+03 3.831026024237571548e-03
1.333218753946830930e+03 5.737272227906653477e-03
1.333239587408261286e+03 5.878633588771275953e-03
1.333260420869585687e+03 4.904784989385513327e-03
1.333281254330773663e+03 4.487916803054714521e-03
1.333302087791844997e+03 4.181397108908968541e-03
1.333322921252816514e+03 3.957668322031704378e-03
1.333343754713658882e+03 5.232852801324461289e-03
1.333364588174382106e+03 2.905664885566316968e-03
1.333385421634994827e+03 3.716396001139932181e-03
1.333406255095477263e+03 5.644796146391906078e-03
1.333427088555848513e+03 3.858266010062005869e-03
1.333447922016087659e+03 2.515039915862438136e-03
1.333468755476214483e+03 2.165402126213633593e-03
1.333489588936208293e+03 4.257763902867139905e-03
1.333510422396077956e+03 3.138404842740083467e-03
1.333531255855833024e+03 2.269493312264891927e-03
1.333552089315453713e+03 3.785695982127634807e-03
1.333572922774947529e+03 1.268181396524847848e-03
1.333593756234325610e+03 2.089111639230978312e-03
1.333614589693566359e+03 -1.468217845472685745e-03
1.333635423152689100e+03 8.343611476879786437e-04
1.333656256611673825e+03 7.385739001153357464e-05
1.333677090070529175e+03 -8.413675758534022719e-04
1.333697923529264699e+03 -1.038453648996795486e-03
1.333718756987859706e+03 -2.487357852663851787e-03
1.333739590446332841e+03 -1.006403992985571705e-03
1.333760423904664322e+03 2.084798330559300972e-03
1.333781257362863016e+03 -1.361918460118460850e-03
1.333802090820938474e+03 -2.500515824468196868e-03
1.333822924278869550e+03 -2.998277827004125484e-03
1.333843757736675798e+03 -3.226402998754207552e-03
1.333864591194336299e+03 -1.930073006771060307e-03
1.333885424651870380e+03 -3.016659995550896589e-03
1.333906258109257351e+03 -3.049047730313558802e-03
1.333927091566506078e+03 -1.502951226512894145e-03
1.333947925023626112e+03 -9.003854838863789567e-04
1.333968758480596762e+03 -2.032238960071430789e-03
1.333989591937427122e+03 -3.536973069907300982e-03
1.334010425394126287e+03 -3.016549890499709008e-03
1.334031258850674021e+03 -4.401078638966993140e-04
1.334052092307088287e+03 -3.563772517562902031e-03
1.334072925763349986e+03 -2.222472340333236929e-03
1.334093759219476624e+03 -4.403231425666565002e-03
1.334114592675448421e+03 -3.852060616639341184e-03
1.334135426131274016e+03 -4.158047496301886525e-03
1.334156259586962506e+03 -2.936024405848725038e-03
1.334177093042493652e+03 -5.054665546327719028e-03
1.334197926497886556e+03 -5.051854252161369629e-03
1.334218759953119616e+03 -3.133746806722070843e-03
1.334239593408202609e+03 -2.486975620856535230e-03
1.334260426863143948e+03 -2.278659686964501496e-03
1.334281260317923397e+03 -4.508790844571786138e-03
1.334302093772560056e+03 -3.234405585422983620e-03
1.334322927227032778e+03 -3.342851956629977472e-03
1.334343760681350886e+03 -2.143619399720853025e-03
1.334364594135523021e+03 -4.000886186359298158e-03
1.334385427589528490e+03 -3.465270292035582678e-03
1.334406261043386394e+03 -3.337784400157972620e-03
1.334427094497075814e+03 -2.546162313188715665e-03
1.334447927950605617e+03 -2.208214058073809660e-03
1.334468761403984900e+03 -4.290485198110483012e-03
1.334489594857192969e+03 -1.432773627360051094e-03
1.334510428310248471e+03 -1.035963082095192611e-03
1.334531261763130487e+03 -2.708546603126915642e-03
1.334552095215857889e+03 -1.099694170891174494e-03
1.334572928668410441e+03 -1.702866946132752801e-04
1.334593762120796100e+03 -1.364713397959183006e-03
1.334614595573024189e+03 -2.445776864777537973e-03
1.334635429025073563e+03 -2.599580091627418099e-03
1.334656262476953771e+03 -3.956899614534381548e-03
1.334677095928672998e+03 -3.312344588668469925e-04
1.334697929380210780e+03 -2.593503726437407231e-03
1.334718762831585536e+03 -3.242137752915930093e-03
1.334739596282776347e+03 -4.662699360674205096e-03
1.334760429733792080e+03 -3.580253368815622395e-03
1.334781263184641830e+03 -3.427618620144401440e-03
1.334802096635303997e+03 -4.228995743696284393e-03
1.334822930085798362e+03 -4.181619296442673495e-03
1.334843763536102642e+03 -8.071986075740666955e-03
1.334864596986236165e+03 -5.369808749628890432e-03
1.334885430436178012e+03 -8.617600730778329776e-03
1.334906263885936823e+03 -1.062378172686906375e-02
1.334927097335521694e+03 -9.198865366035868796e-03
1.334947930784910341e+03 -1.072449288819332658e-02
1.334968764234122318e+03 -1.111080713599743586e-02
1.335031264580606830e+03 -1.140321655446885352e-02
1.335052098029049830e+03 -1.181919392816543901e-02
1.335072931477310021e+03 -1.216537428257302711e-02
1.335093764925365804e+03 -1.254860212587438628e-02
1.335114598373236049e+03 -1.210978650026328651e-02
1.335135431820899385e+03 -1.286158217686517169e-02
1.335156265268364223e+03 -1.231353878086816067e-02
1.335177098715640113e+03 -1.216802670271110998e-02
1.335197932162704319e+03 -1.280840511131009496e-02
1.335218765609576849e+03 -1.213852330631870480e-02
1.335239599056235420e+03 -1.440877431787990215e-02
1.335260432502688900e+03 -1.507285420342163729e-02
1.335281265948945929e+03 -1.229652819324222879e-02
1.335406266622029534e+03 -1.227043863497745413e-02
1.335427100066799994e+03 -1.206384911410163241e-02
1.335447933511342171e+03 -1.078785746705002158e-02
1.335468766955664478e+03 -1.103151604757868220e-02
1.335489600399774872e+03 -1.466214779420416114e-02
1.335510433843652208e+03 -1.216440345818592395e-02
1.335531267287315131e+03 -1.324945000352628632e-02
1.335552100730741586e+03 -1.280604328361900635e-02
1.335572934173949989e+03 -1.327553233782274855e-02
1.335593767616918740e+03 -1.286886977970391754e-02
1.335614601059656479e+03 -1.046675088316351143e-02
1.335635434502171165e+03 -1.571090500365313058e-02
1.335656267944440970e+03 -1.249902926389867552e-02
1.335677101386484310e+03 -1.324131224327884659e-02
1.335697934828279585e+03 -1.323140675854961312e-02
1.335718768269834982e+03 -1.374975879857565086e-02
1.335739601711158912e+03 -1.304460765899240204e-02
1.335760435152228865e+03 -1.462879900800428956e-02
1.335781268593063487e+03 -1.484146231367999835e-02
1.335802102033641404e+03 -1.345330967606761519e-02
1.335822935473969892e+03 -1.236857982684136381e-02
1.335843768914057819e+03 -1.362389916336981255e-02
1.335864602353882901e+03 -1.282428209432140420e-02
1.335885435793462875e+03 -1.655559027196373822e-02
1.335906269232776367e+03 -1.581961648832908018e-02
1.335927102671831108e+03 -1.588761371096647501e-02
1.335947936110635510e+03 -1.545220151734083558e-02
1.335968769549167519e+03 -1.514024510944855795e-02
1.335989602987444641e+03 -1.421845883856576176e-02
1.336010436425445278e+03 -1.614467134385200175e-02
1.336031269863186935e+03 -1.622832615599878459e-02
1.336052103300647559e+03 -1.754316591100546496e-02
1.336072936737835789e+03 -1.592498498398831064e-02
1.336093770174758447e+03 -1.775015872148244522e-02
1.336114603611394159e+03 -1.643649647413647497e-02
1.336135437047760888e+03 -1.541312912042835936e-02
1.336156270483835215e+03 -1.506752868622651675e-02
1.336177103919626006e+03 -1.554843082857304548e-02
1.336197937355140311e+03 -1.628678789777893154e-02
1.336218770790356984e+03 -1.522010722120770154e-02
1.336239604225292624e+03 -1.640475400707308573e-02
1.336260437659925628e+03 -1.445236380954151301e-02
1.336281271094272824e+03 -1.485135842300810971e-02
1.336302104528312611e+03 -1.322221951297508635e-02
1.336322937962052492e+03 -1.536541585430184487e-02
1.336343771395499971e+03 -1.487212796529102654e-02
1.336364604828632309e+03 -1.444948658214106896e-02
1.336385438261467016e+03 -1.355745866480595474e-02
1.336406271693982035e+03 -1.386989373150504523e-02
1.336427105126184642e+03 -1.390772482549085254e-02
1.336447938558081887e+03 -1.280546184963282652e-02
1.336468771989652623e+03 -1.282778075988455502e-02
1.336489605420912767e+03 -1.252945237078861851e-02
1.336510438851840490e+03 -1.508253948850479809e-02
1.336531272282451937e+03 -1.333359407221268444e-02
1.336552105712726188e+03 -1.063804815950597504e-02
1.336572939142669384e+03 -9.279871217701018971e-03
1.336593772572289254e+03 -1.171665830278367793e-02
1.336614606001563061e+03 -1.040487154782232526e-02
1.336635439430508086e+03 -9.229829615338358551e-03
1.336656272859100909e+03 -1.021052208355033297e-02
1.336677106287359493e+03 -1.021985797744262570e-02
1.336739606570019532e+03 -4.830904618575848630e-02
1.336760439996860896e+03 -6.617999363271442892e-02
1.336781273423353696e+03 -7.060526392575350307e-02
1.336802106849474740e+03 -7.112004268983240785e-02
1.336822940275230621e+03 -7.180220049965946316e-02
1.336843773700628844e+03 -7.119788942554206024e-02
1.336864607125646216e+03 -6.899875151842971288e-02
1.336885440550299109e+03 -6.638748330172838941e-02
1.336906273974565693e+03 -4.540386287440356661e-02
1.336927107398461430e+03 -1.674111574743986086e-02
1.336947940821964494e+03 -1.088525190822831057e-02
1.336968774245090799e+03 -8.831824985245040338e-03
1.336989607667818291e+03 -1.013608182176728434e-02
1.337010441090153108e+03 -1.262667811332507384e-02
1.337031274512101845e+03 -1.094581172078068487e-02
1.337052107933641992e+03 -1.164139679409992301e-02
1.337093774775523116e+03 -1.078128672172062874e-02
1.337114608195847495e+03 -1.151361146592333462e-02
1.337135441615770333e+03 -1.180248980726228414e-02
1.337156275035268436e+03 -1.284307004307483346e-02
1.337177108454359086e+03 -1.297109204317092868e-02
1.337197941873018181e+03 -1.062268699597357369e-02
1.337218775291262773e+03 -1.424997174196918071e-02
1.337239608709069898e+03 -1.174795132789396845e-02
1.337260442126446833e+03 -1.359710497117083694e-02
1.337281275543400170e+03 -1.258563751770791495e-02
1.337302108959906036e+03 -1.216882605629987513e-02
1.337322942375982166e+03 -1.330687616111148053e-02
1.337343775791605367e+03 -1.545720278264584024e-02
1.337364609206792466e+03 -1.460674054715260795e-02
1.337385442621520724e+03 -1.393766696909193303e-02
1.337406276035796736e+03 -1.480602428276867055e-02
1.337427109449623686e+03 -1.424793384798328510e-02
1.337447942862983155e+03 -1.579428194856213885e-02
1.337489609688335122e+03 -1.629355567297463558e-02
1.337510443100308748e+03 -1.551818031971352596e-02
1.337531276511823989e+03 -1.795129970294040422e-02
1.337552109922858563e+03 -1.579113337408566409e-02
1.337572943333429976e+03 -1.521799433976323002e-02
1.337593776743516173e+03 -1.591798094164842414e-02
1.337635443562264072e+03 -1.446217789262060904e-02
1.337656276970922363e+03 -1.352976999547772508e-02
1.337677110379087708e+03 -1.262252756017501198e-02
1.337697943786768974e+03 -1.482814780630403728e-02
1.337718777193974347e+03 -1.383388151015985112e-02
1.337739610600683363e+03 -1.458883863833215777e-02
1.337760444006905118e+03 -1.480757395867959847e-02
1.337885444434019519e+03 -1.363424485136033315e-02
1.337927111239168880e+03 -1.318325681004162142e-02
1.337947944641016420e+03 -1.205862488242981367e-02
1.337968778042396025e+03 -1.292504736399857634e-02
1.337989611443290869e+03 -1.218626260516897375e-02
1.338010444843724599e+03 -1.080612662216418052e-02
1.338031278243682209e+03 -1.388187143612529262e-02
1.338052111643188482e+03 -1.056579612034858062e-02
1.338072945042229094e+03 -1.248442004073868628e-02
1.338093778440820870e+03 -1.278747866399576605e-02
1.338114611838981091e+03 -1.125473987124547826e-02
1.338135445236697706e+03 -1.409137247003899862e-02
1.338156278633999591e+03 -1.153652744047439782e-02
1.338177112030876970e+03 -1.385081807577737134e-02
1.338197945427350305e+03 -1.266342653501040250e-02
1.338218778823442790e+03 -1.086170916608886206e-02
1.338239612219146693e+03 -1.139338215661811482e-02
1.338260445614496575e+03 -1.467499631591051568e-02
1.338281279009488344e+03 -1.059691336206902701e-02
1.338302112404158834e+03 -1.372650820033027852e-02
1.338322945798506908e+03 -1.396552197044509391e-02
1.338343779192561669e+03 -1.189428825528648925e-02
1.338364612586355406e+03 -1.201730277223289622e-02
1.338385445979891074e+03 -1.527026416248222773e-02
1.338406279373213920e+03 -1.362274212337810653e-02
1.340635459049495239e+03 2.746394056642453840e-03
1.340656292569539119e+03 3.066082476952392000e-03
1.340677126089989088e+03 2.538875462552270257e-03
1.340697959610841281e+03 1.084972937606343280e-03
1.340718793132062501e+03 1.095514955419374381e-03
1.340739626653659570e+03 1.168619216097566138e-04
1.340760460175599292e+03 2.011028351043275819e-03
1.340781293697879846e+03 2.626240640847266050e-04
1.340802127220499415e+03 -2.420118395745074480e-04
1.340822960743426165e+03 2.500542072439326802e-03
1.340843794266669420e+03 3.139555787977643675e-04
1.340864627790198483e+03 6.901679677925320888e-04
1.340885461314022450e+03 4.125938995988009950e-04
1.340906294838111762e+03 1.549481537144403731e-03
1.340927128362476878e+03 -1.643754684268694533e-03
1.340947961887087786e+03 4.624093331176970523e-04
1.340968795411945621e+03 4.724251662874268121e-04
1.340989628937052203e+03 -5.730566875776776925e-04
1.341010462462378428e+03 2.266011109365750897e-03
1.341031295987935891e+03 1.726660023258830279e-03
1.341052129513697537e+03 1.827245227877249967e-03
1.341072963039674960e+03 -5.670281520958608823e-04
1.341114630092207562e+03 1.412757815031917552e-03
1.341135463618748872e+03 2.427204161329910015e-03
1.341177130672366729e+03 2.231405418633536364e-03
1.341197964199420312e+03 3.093292357724264363e-03
1.341218797726643061e+03 3.676728574169896291e-03
1.341239631254007691e+03 2.018844955220200355e-03
1.341260464781528754e+03 3.227549287019071400e-03
1.341281298309181011e+03 2.840790686681637922e-03
1.341302131836978560e+03 3.225980311772125297e-03
1.341322965364896618e+03 2.855316074264924175e-03
1.341343798892949280e+03 4.431933426258916064e-03
1.341364632421112219e+03 5.369869704928031950e-03
1.341385465949390891e+03 3.499347077680514673e-03
1.341406299477789162e+03 7.131225556380127450e-03
1.341427133006284066e+03 7.753113410001066796e-03
1.341447966534890611e+03 7.473329486695878821e-03
1.341468800063584467e+03 5.929368771549925476e-03
1.341489633592381551e+03 6.369503639768514525e-03
1.341510467121257761e+03 6.366702481333197383e-03
1.341531300650229014e+03 3.681317829645758266e-03
1.341552134179271889e+03 6.087460135316691279e-03
1.341572967708402302e+03 7.941350325930573995e-03
1.341593801237596836e+03 7.211469398397674091e-03
1.341614634766862082e+03 5.621252395486275866e-03
1.341635468296204863e+03 7.975857115331663749e-03
1.341656301825601304e+03 8.493716792856820241e-03
1.341677135355068003e+03 5.316744574925702516e-03
1.341718802414162155e+03 8.680311673114338156e-03
1.341739635943782787e+03 8.709104951558299668e-03
1.341760469473462081e+03 8.928118189481137890e-03
1.341781303003177527e+03 5.774804870617877839e-03
1.341802136532936174e+03 8.636713124784867190e-03
1.341822970062745298e+03 7.378028004128456274e-03
1.341843803592582162e+03 8.308083241625907611e-03
1.341864637122464728e+03 8.775118502894474481e-03
1.341885470652370486e+03 8.484850716496183942e-03
1.341906304182316489e+03 7.454345681980112381e-03
1.341927137712280455e+03 7.833923212039461959e-03
1.341947971242270796e+03 6.202815430505492778e-03
1.341968804772295016e+03 5.739972933278991718e-03
1.341989638302330832e+03 4.771519212717345582e-03
1.342010471832396433e+03 3.864629211360548489e-03
1.342052138892568109e+03 4.478001536536435623e-03
1.342114639482917710e+03 5.757042208596185873e-03
1.342281307724097815e+03 2.585170286320992439e-03
1.342302141254234357e+03 1.656798655132130094e-03
1.342322974784375219e+03 3.714476998205595848e-04
1.342343808314497892e+03 2.261983425003610826e-03
1.342364641844622156e+03 1.500287487928186891e-03
1.342385475374725502e+03 1.816121886698773835e-03
1.342406308904817706e+03 1.670068653107148471e-03
1.342427142434906500e+03 2.892589429386860367e-03
1.342447975964970738e+03 4.745958414327566821e-03
1.342468809495029518e+03 3.893740105655685291e-03
1.342489643025061923e+03 3.260857986501108918e-03
1.342510476555086598e+03 5.292673032950112599e-03
1.342531310085081941e+03 2.440630826268552767e-03
1.342552143615066825e+03 4.446846167954432438e-03
1.342572977145020786e+03 4.679582970160467426e-03
1.342593810674962469e+03 3.779385032183557591e-03
1.342614644204870729e+03 2.654073435146675486e-03
1.342635477734764208e+03 4.274930451662273256e-03
1.342656311264622445e+03 3.081813213719475364e-03
1.342677144794454307e+03 1.661693932973773435e-03
1.342697978324268888e+03 4.934880740986913317e-03
1.342718811854044588e+03 7.579133238040935971e-03
1.342739645383801417e+03 5.832362644078714631e-03
1.342760478913517773e+03 5.547542437598140808e-03
1.342781312443213210e+03 4.365074669010815533e-03
1.342802145972866583e+03 6.590513260473218615e-03
1.342822979502496764e+03 8.575031455988368911e-03
1.342843813032083517e+03 8.382965597043212647e-03
1.342864646561635936e+03 7.772437896620632003e-03
1.342885480091162890e+03 8.970387589847250709e-03
1.342906313620643687e+03 8.739647715277021334e-03
1.342927147150097426e+03 7.362962855698595988e-03
1.342947980679503644e+03 7.127065677225319362e-03
1.342968814208881440e+03 9.320313821551184930e-03
1.342989647738209896e+03 6.415994034564720394e-03
1.343010481267508794e+03 7.015790882088368541e-03
1.343031314796756760e+03 6.942907243424056851e-03
1.343052148325973576e+03 7.526768081359991314e-03
1.343072981855138096e+03 6.713077310873560855e-03
1.343093815384270329e+03 7.136968806955468203e-03
1.343114648913348901e+03 7.181978724882354115e-03
1.343135482442383818e+03 5.702648138897536967e-03
1.343156315971383947e+03 9.592283538731094517e-03
1.343177149500328824e+03 7.801846354446251297e-03
1.343197983029237776e+03 7.452287373534649539e-03
1.343218816558090339e+03 7.016338655616571884e-03
1.343239650086905613e+03 5.372609172386688670e-03
1.343260483615663134e+03 7.624970704261935239e-03
1.343281317144382911e+03 6.709591209115739474e-03
1.343302150673043116e+03 7.316431695901126631e-03
1.343322984201664440e+03 2.357619640396046989e-03
1.343343817730225510e+03 2.504804753822309493e-03
1.343364651258736785e+03 2.764937643636722342e-04
1.343385484787206224e+03 9.399399526801577309e-04
1.343406318315614499e+03 -1.794140962516843629e-03
1.343427151843980482e+03 8.233576032273814960e-04
1.343447985372283938e+03 1.146284265995944907e-03
1.343468818900544193e+03 3.410309778167919248e-04
1.343489652428741010e+03 -4.242223043826598428e-04
1.343531319484981623e+03 -1.933607969085704426e-03
1.343572986541001910e+03 5.346325305479737722e-04
1.343614653596798462e+03 3.512686857687019604e-03
1.343635487124616475e+03 5.090305989564836153e-03
1.343656320652366958e+03 2.546187942055855302e-03
1.343677154180073103e+03 2.733592231060510969e-03
1.343697987707710809e+03 8.368910415299524175e-04
1.343718821235296900e+03 3.773408328906713294e-03
1.343739654762813416e+03 2.935212784295315736e-03
1.343760488290270587e+03 3.485661562657615953e-03
1.343781321817677281e+03 9.984342223009479156e-04
1.343802155345013944e+03 6.358652363018801879e-04
1.343822988872299902e+03 1.966604340151723029e-03
1.343843822399514465e+03 4.373553532602381111e-03
1.343864655926677415e+03 2.186458057739870675e-03
1.343885489453768287e+03 4.166637610461987329e-03
1.343906322980806863e+03 1.509977223480452047e-03
1.343927156507772906e+03 3.267047151419344431e-03
1.343947990034675286e+03 2.782534038750061889e-03
1.343989657088299282e+03 1.198102228175290662e-03
1.344010490615019989e+03 1.599218721112793951e-03
1.344031324141665664e+03 2.574334730821470352e-03
1.344052157668256314e+03 1.489460322912639079e-03
1.344072991194771930e+03 3.139318178604577625e-03
1.344093824721231158e+03 1.587522905077354274e-03
1.344114658247614443e+03 1.147025367035259258e-03
1.344135491773941567e+03 1.462673454951102237e-03
1.344156325300191611e+03 3.323706968735851142e-03
1.344177158826383902e+03 3.792939070511702759e-03
1.344197992352499114e+03 1.396755165623653205e-03
1.344218825878556345e+03 3.748160742532258283e-03
1.344239659404534905e+03 5.289761525096858819e-04
1.344302159982077910e+03 2.399704383582279554e-03
1.344322993507780211e+03 2.707312112752102706e-03
1.344343827033422485e+03 3.236445585825920013e-03
1.344364660558984042e+03 1.256274484843333816e-03
1.344385494084475113e+03 1.963755148600587752e-03
1.344406327609905247e+03 3.714253580516801989e-03
1.344427161135253755e+03 1.004730809697429450e-03
1.344447994660540644e+03 3.437081524212071137e-03
1.344468828185745679e+03 5.128031866329596511e-03
1.344489661710888413e+03 2.435793446685097230e-03
1.344510495235948383e+03 4.708667956808243460e-03
1.344552162285859140e+03 4.832494327108416421e-03
1.344572995810709244e+03 4.693707751885711765e-03
1.344593829335475448e+03 5.809655083127363007e-03
1.344614662860177305e+03 8.209314588221161557e-03
1.344635496384794351e+03 6.403007982842434664e-03
1.344739664006770909e+03 8.735383560856235796e-03
1.344760497530943894e+03 6.955414150350835989e-03
1.344781331055030023e+03 9.439433998886470611e-03
1.344802164579049304e+03 7.133043367698488346e-03
1.344822998102980591e+03 6.254779823361533708e-03
1.344843831626844576e+03 9.537891438311740799e-03
1.344864665150620567e+03 8.381116787735454210e-03
1.344885498674327891e+03 9.703828022556759691e-03
1.344906332197946767e+03 6.280974174560083334e-03
1.344927165721486290e+03 9.484346434340595877e-03
1.344947999244957145e+03 9.082805578103370081e-03
1.344968832768338189e+03 1.100104109719546308e-02
1.344989666291648746e+03 7.010999419872487870e-03
1.345010499814869490e+03 7.462924021481853742e-03
1.345031333338019294e+03 7.374905302051759648e-03
1.345052166861078604e+03 8.742390172423841754e-03
1.345073000384066745e+03 6.703401580408607785e-03
1.345093833906963255e+03 1.161087536280092092e-02
1.345114667429787687e+03 9.825984085013450553e-03
1.345135500952520488e+03 1.025148464014358218e-02
1.345156334475180302e+03 8.755669093150286741e-03
1.345177167997748029e+03 1.006284910536292543e-02
1.345198001520242087e+03 1.197710945180385789e-02
1.345218835042642695e+03 1.190463401632624318e-02
1.345239668564970088e+03 1.119507975545996903e-02
1.345260502087203122e+03 8.203082071256861951e-03
1.345281335609361804e+03 1.214828009070978432e-02
1.345302169131425899e+03 7.151890042504049916e-03
1.345323002653414960e+03 8.700764782343384240e-03
1.345343836175308752e+03 9.988338804347018929e-03
1.345364669697117051e+03 8.555559049495342627e-03
1.345385503218848953e+03 8.143166862455974986e-03
1.345406336740484903e+03 1.091259342871631066e-02
1.345427170262044001e+03 1.168607078790517839e-02
1.345448003783506692e+03 1.011859718460417223e-02
1.345468837304892077e+03 7.867858914995085051e-03
1.345489670826179690e+03 1.014143926404220686e-02
1.345510504347389087e+03 8.191784806473201286e-03
1.345531337868500941e+03 9.581023218644180162e-03
1.345552171389533896e+03 1.124000748857201248e-02
1.345573004910468171e+03 1.349429182807737604e-02
1.345593838431323093e+03 1.167487354439078473e-02
1.345614671952078197e+03 1.372572799020066459e-02
1.345635505472753493e+03 1.265179099467572676e-02
1.345656338993328973e+03 1.569572310380173974e-02
1.345677172513823507e+03 1.203171830243521256e-02
1.345698006034217769e+03 1.025383642857968791e-02
1.345718839554530405e+03 1.337331825510035266e-02
1.345739673074741404e+03 1.054029264853639791e-02
1.345760506594870776e+03 1.028371038668918214e-02
1.345781340114897603e+03 1.401859501077906689e-02
1.345802173634831888e+03 8.915158630953712304e-03
1.345823007154683410e+03 1.384391484060853994e-02
1.345843840674431704e+03 1.261092653208628622e-02
1.345864674194096096e+03 1.021125591444960179e-02
1.345885507713656580e+03 1.267149640708031821e-02
1.345906341233132935e+03 1.293085084005840546e-02
1.345927174752504470e+03 8.807060800461008476e-03
1.345948008271790968e+03 1.051178391661800049e-02
1.345968841790972192e+03 1.140223885574076501e-02
1.345989675310067696e+03 8.306922020422824460e-03
1.346010508829056789e+03 9.559959971820908287e-03
1.346031342347959708e+03 8.400712023805434470e-03
1.346052175866755533e+03 7.792116013984440315e-03
1.346073009385464502e+03 1.146990644307599450e-02
1.346093842904065696e+03 1.386019374393143710e-02
1.346114676422578896e+03 1.126351932964220204e-02
1.346135509940983638e+03 1.265553130815055827e-02
1.346156343459299933e+03 1.295832185036516204e-02
1.346177176977507088e+03 1.394371439906894050e-02
1.346198010495624885e+03 1.728682092963240713e-02
1.346218844013632634e+03 1.541469030868292123e-02
1.346239677531550342e+03 1.580229947524380840e-02
1.346260511049357547e+03 1.613963813949359505e-02
1.346281344567073575e+03 1.367029083629667241e-02
1.346302178084678417e+03 1.585752849308452728e-02
1.346323011602181623e+03 1.298087124975944029e-02
1.346343845119592743e+03 1.364310624190145926e-02
1.346364678636891085e+03 1.374947571116602596e-02
1.346385512154096205e+03 1.303291951316054575e-02
1.346406345671188319e+03 1.316318298623686545e-02
1.346427179188186301e+03 1.611291463854258588e-02
1.346448012705080828e+03 1.290611824925191886e-02
1.346468846221860304e+03 1.448027212275992959e-02
1.346489679738534960e+03 1.686253296596162965e-02
1.346510513255113892e+03 1.837340040072976688e-02
1.346531346771577546e+03 1.660224361831152962e-02
1.346552180287944793e+03 1.972048042986807026e-02
1.346573013804195625e+03 1.857493787326403023e-02
1.346593847320348914e+03 2.100383831617957942e-02
1.346614680836384878e+03 1.277278648394652993e-02
1.346635514352323298e+03 2.070591078735495305e-02
1.346656347868143030e+03 2.031541200902242661e-02
1.346677181383864081e+03 1.743903468726160089e-02
1.346698014899465534e+03 2.085373589339012401e-02
1.346739681930349889e+03 2.104944147420706457e-02
1.346760515445631199e+03 2.015308550617711525e-02
1.346781348960791775e+03 1.805274514016241838e-02
1.346802182475850941e+03 1.742464237502894253e-02
1.346823015990788008e+03 1.772395799868808908e-02
1.346864683020334496e+03 1.865012174498537068e-02
1.346885516534943008e+03 1.695268819130146820e-02
1.346906350049428056e+03 1.591905695471462767e-02
1.346927183563808740e+03 1.747710997993567883e-02
1.346948017078064595e+03 1.657267949907026416e-02
1.346968850592215176e+03 1.409319826084465266e-02
1.346989684106240475e+03 1.161397232709882044e-02
1.347010517620149130e+03 1.293001828628603800e-02
1.347031351133951603e+03 1.139128889347273965e-02
1.347073018161171376e+03 1.166380223764507118e-02
1.347093851674620737e+03 1.233861415491177560e-02
1.347114685187941177e+03 1.109413750244891972e-02
1.347406354361753074e+03 9.737914027366234571e-03
1.347427187873231105e+03 1.001453763406334740e-02
1.349427204279952321e+03 -5.358385101687401786e-03
1.349531371755883811e+03 -6.115132309451820625e-03
1.349552205250413635e+03 -4.380667372562152551e-03
1.349593872238821177e+03 -7.043204517716228352e-03
1.349614705732696393e+03 -6.626831208218053604e-03
1.349739706691150332e+03 -6.517871164780086879e-03
1.349760540183412559e+03 -6.611574084160021236e-03
1.349781373675449686e+03 -5.553439291640538400e-03
1.349802207167240113e+03 -6.289635854723640840e-03
1.349823040658802483e+03 -5.950962238181145558e-03
1.349843874150114289e+03 -4.740695164424990615e-03
1.349864707641195309e+03 -6.206200080848933709e-03
1.349885541132022809e+03 -5.824086700173647380e-03
1.349906374622615431e+03 -4.515951366886983287e-03
1.349927208112951121e+03 -4.089209603450494335e-03
1.349948041603048978e+03 -5.427344095658148682e-03
1.349968875092886719e+03 -4.270448620214417623e-03
1.349989708582482308e+03 -5.595802461499266300e-03
1.350010542071815053e+03 -3.970273370474952657e-03
1.350031375560902234e+03 -4.919967954934212351e-03
1.350052209049722478e+03 -4.243130164524711034e-03
1.350073042538293521e+03 -4.384883228933600385e-03
1.350093876026593989e+03 -4.531582742107964634e-03
1.350114709514641845e+03 -2.457725477440386719e-03
1.350135543002415034e+03 -3.945655926144375769e-03
1.350156376489931972e+03 -1.456073263039536769e-03
1.350177209977170605e+03 -3.168884127389470784e-03
1.350198043464148896e+03 -2.895381440129018991e-03
1.350218876950845015e+03 -2.495505619918403362e-03
1.350239710437276926e+03 -4.313634138181976496e-03
1.350260543923432806e+03 -5.510867129013719001e-03
1.350281377409299921e+03 -3.347080330122875758e-03
1.350302210894887367e+03 -3.816073423594024128e-03
1.350323044380202191e+03 -3.329374196068157765e-03
1.350343877865222566e+03 -2.672381157028835830e-03
1.350364711349966228e+03 -2.684058300878700010e-03
1.350385544834411121e+03 -3.796289675795261331e-03
1.350406378318575435e+03 -4.616574471977719085e-03
1.350427211802436887e+03 -4.458929940729383645e-03
1.350448045286012302e+03 -5.113670394260250163e-03
1.350468878769290768e+03 -4.257980836858576978e-03
1.350489712252259551e+03 -4.952818390032698304e-03
1.350510545734935704e+03 -6.657135069433661734e-03
1.350531379217298081e+03 -5.609349237953642486e-03
1.350552212699363281e+03 -4.944704987885017999e-03
1.350573046181109248e+03 -4.756677256171237822e-03
1.350593879662554173e+03 -7.547183825337366869e-03
1.350614713143675090e+03 -6.959452541551724991e-03
1.350635546624489962e+03 -6.636752424678538098e-03
1.350656380104975824e+03 -4.891191960013641093e-03
1.350677213585150639e+03 -7.098821614196504370e-03
1.350698047064991442e+03 -7.142742469328000610e-03
1.350718880544516196e+03 -7.858993759551680114e-03
1.350739714023701936e+03 -7.591468898348052718e-03
1.350760547502566169e+03 -6.858300395247707293e-03
1.350781380981086386e+03 -5.940061882750313771e-03
1.350802214459279639e+03 -6.083837346931519896e-03
1.350823047937123647e+03 -5.830621796804713597e-03
1.350843881414635916e+03 -6.567892706308975370e-03
1.350864714891793028e+03 -6.931815487980608204e-03
1.350885548368612490e+03 -6.206794985795682784e-03
1.350927215321187532e+03 -4.721584133420497764e-03
1.350948048796946978e+03 -3.547790633413483441e-03
1.350968882272338078e+03 -5.497502609656534922e-03
1.350989715747377204e+03 -5.078961637933976370e-03
1.351010549222041391e+03 -2.329147472503900751e-03
1.351031382696347919e+03 -2.538779118497758169e-03
1.351073049643836612e+03 -2.942298085521044548e-03
1.351093883117012410e+03 -3.796198578718157357e-03
1.351114716589818499e+03 -3.044822752151454814e-03
1.351156383534269025e+03 -2.378173866206534370e-03
1.351177217005907096e+03 -3.332747114875633798e-03
1.351198050477163179e+03 -7.739816214953343376e-04
1.351218883948014081e+03 -5.153301271956234331e-04
1.351239717418475948e+03 -9.779654055408482094e-05
1.351260550888526495e+03 -1.323160579171589468e-03
1.351281384358181640e+03 -1.442692029392289577e-03
1.351302217827418872e+03 8.949505191767626044e-04
1.351323051296254107e+03 -6.388473290742213706e-03
1.351343884764664608e+03 -3.227602661276862683e-02
1.351427218634091787e+03 -6.152441367434069441e-02
1.351448052100369523e+03 -6.076385966338704314e-02
1.351468885566230028e+03 -5.944382357650768167e-02
1.351489719031641926e+03 -5.553732389739973740e-02
1.351510552496622040e+03 -4.110965505431329881e-02
1.351531385961146952e+03 -1.334853604456776033e-02
1.351552219425233488e+03 -5.883242765669649543e-05
1.351573052888858001e+03 1.945900188527804886e-03
1.351593886352037089e+03 1.659988715256299763e-03
1.351614719814748014e+03 -1.906589933663438430e-04
1.351635553277006693e+03 9.659326872313300782e-04
1.351698053660957385e+03 -7.673697368869580870e-04
1.351739720581224901e+03 -5.607175091810745471e-04
1.351760554040642091e+03 -1.078533678339210766e-03
1.351802220958010821e+03 -6.836109987888860928e-04
1.351823054415955539e+03 -1.987902306374689232e-03
1.351843887873416406e+03 -3.202132236771126905e-03
1.351864721330371140e+03 -3.309077049639674861e-03
1.351885554786836337e+03 -3.111218012822214440e-03
1.351906388242790172e+03 -4.006889502204735720e-03
1.351927221698249696e+03 -3.622975181835963454e-03
1.351948055153201494e+03 -3.536289260009262136e-03
1.351968888607634881e+03 -3.715882537925208062e-03
1.351989722061557131e+03 -3.261610686899785172e-03
1.352031388967879820e+03 -3.686087137177773698e-03
1.352052222420257067e+03 -3.578011052900009759e-03
1.352073055872126361e+03 -2.525494217963109023e-03
1.352093889323466328e+03 -4.585747265401840522e-03
1.352114722774296069e+03 -5.171781062622282654e-03
1.352156389674383490e+03 -5.500400270282979065e-03
1.352239723468308512e+03 -5.120956309858537558e-03
1.352260556915487541e+03 -3.740353655160233437e-03
1.352281390362160209e+03 -4.504870200988220219e-03
1.352302223808309918e+03 -3.140966894204066939e-03
1.352323057253959178e+03 -2.921844297499642806e-03
1.352343890699102076e+03 -3.026765574419609806e-03
1.352364724143732246e+03 -3.334925312224457095e-03
1.352385557587874246e+03 -2.904335075864183935e-03
1.352406391031514431e+03 -1.785059927662646651e-03
1.352427224474678951e+03 -1.829613101410498821e-03
1.352448057917354618e+03 -2.471757803813035004e-03
1.352468891359569170e+03 -2.621233368213959913e-03
1.352489724801312605e+03 -2.623966748682815542e-03
1.352510558242614024e+03 -2.316532145990590763e-03
1.352531391683464562e+03 -1.177863473256990368e-03
1.352552225123896960e+03 -2.662067393652156611e-03
1.352573058563903942e+03 -3.452192177296753428e-04
1.352593892003520750e+03 -5.612791531331984274e-04
1.352614725442752842e+03 -6.577889850896134760e-04
1.352635558881608404e+03 -5.329002563723150843e-04
1.352656392320126315e+03 -9.430359181996639251e-04
1.352677225758307713e+03 -1.279099992363863514e-03
1.352698059196193526e+03 -1.503311968211407113e-03
1.352718892633789665e+03 -5.215094414678933532e-04
1.352739726071142059e+03 2.888980221866788156e-04
1.352760559508257757e+03 -9.694997354157131042e-04
1.352781392945188600e+03 3.490093662655846529e-04
1.352802226381946411e+03 -8.076241045087417803e-04
1.352823059818585762e+03 -2.342204751344945102e-03
1.352843893255124613e+03 -1.824078047236055156e-03
1.352864726691622309e+03 -1.504408295639247939e-03
1.352885560128101133e+03 -1.217363057690601380e-03
1.352906393564625887e+03 -2.467075782476957357e-03
1.352927227001224765e+03 -9.898372981237413271e-04
1.352948060437967797e+03 -2.661037495486962001e-03
1.352968893874887954e+03 -2.245422724644119405e-03
1.352989727312062087e+03 -2.111162689488188526e-03
1.353010560749538399e+03 -2.644662659999852394e-03
1.353031394187368960e+03 -2.448459116245471634e-03
1.353052227625638352e+03 -3.227859329449800363e-03
1.353073061064393642e+03 -4.258879153294037323e-03
1.353093894503724641e+03 -4.144560108799599796e-03
1.353114727943684102e+03 -5.153298849184362318e-03
