# Time (BTJD),Normalized SAP_FLUX,Normalized SAP_BKG
1325.6562036438204,1.0006224115233842,0.014108121041260158
1325.6770370958307,0.9993356969475614,0.014002547934261029
1325.7187040027043,1.0001811427419658,0.01411310788975496
1325.7603709131938,0.9985581579362063,0.014590168544670386
1325.7812043697056,1.0004514319097355,0.013734913139496317
1325.8645382035627,0.9988629541006951,0.01473036649493037
1325.885371663832,1.0005984863925785,0.01393604210324301
1326.0103724387789,1.0018096608184732,0.013385180445930712
1326.0728728338368,1.001802048284926,0.013302864780820002
1326.093706299857,0.9994819848390216,0.013282721397161959
1326.1145397663347,1.00165472134602,0.012983488710842844
1326.156206700637,0.9993549588452805,0.013488401676783822
1326.1770401684207,1.0001543722682695,0.013405018956755013
1326.1978736366195,1.0012506396893177,0.012912126691115914
1326.218707105199,0.9989462060423985,0.013461072004901828
1326.2395405741552,0.9995929530491149,0.012716964524258198
1326.2603740434847,1.0004318110641435,0.01289925670220575
1326.2812075131553,1.001045317641287,0.012745992773356762
1326.3020409834367,0.9999145185909918,0.013180741434274801
1326.3228744540065,1.0014081096657292,0.013004394276585247
1326.364541395629,0.9996853373322545,0.013384091614381628
1326.38537486688,1.0003995753484698,0.013375163195679144
1326.406208338414,1.0010564795052246,0.01339770200874517
1326.4270418102308,1.0027742341667263,0.013273553435518675
1326.4478752823009,1.0015131656561742,0.014163281247536727
1326.4895422272036,1.0041299568039723,0.013994751900369591
1326.510375700009,1.0044118550615522,0.014208729076395468
1326.5312091730525,1.0048888690356694,0.014372380458222714
1326.5520426463056,1.003809487852248,0.014483985692003766
1326.572876119771,1.0041199517826704,0.014901138835088618
1326.593709593451,1.0034660596897036,0.014702644843690703
1326.614543067318,1.0031240987492842,0.01512898772504982
1326.6562100156257,1.0055364988303879,0.014826640980500329
1326.6978769646312,1.0039116512648836,0.014969212583537315
1326.718710439393,1.0045632133046392,0.014964073298625641
1326.7395439143029,1.0057277812958794,0.014590081438146458
1326.7603773893757,1.0023253940058263,0.015353657226887701
1326.781210864585,1.0052756943851686,0.014947435952555646
1326.8020443399357,1.0048789492387487,0.01453008681979196
1326.8853782426704,1.0044631114758955,0.01495730076639034
1326.927045194757,1.0040135650718776,0.014568108817485954
1326.9478786709594,1.0026557685005215,0.015550060661711374
1327.010379100182,1.002601101526387,0.014639383730688956
1327.031212576775,1.0040957536527746,0.014531219204603006
1327.0520460534663,1.0018205349116571,0.014492935887337232
1327.0728795302318,1.0049545480060502,0.013996581137372049
1327.0937130070881,1.0026402408443842,0.015130424982694611
1327.1145464840122,1.004057545452148,0.014856366081790306
1327.2187138697013,1.0050881873372566,0.01411308611312398
1327.239547347024,1.001426250813846,0.01404300891462497
1327.2603808244128,1.0033378732985698,0.014067747167420146
1327.281214301845,1.001152590432302,0.014288910631669975
1327.302047779328,1.000514135928351,0.014130485641278332
1327.3228812568698,1.0004471023698858,0.014610943450626898
1327.343714734447,1.0001083884263122,0.014345442765698388
1327.3645482120678,0.999489843564269,0.014573487645338426
1327.3853816897395,1.0009963191495663,0.013570608458739622
1327.40621516744,1.0005987719308356,0.013892793714113416
1327.4270486451771,1.0012309541089945,0.013652553921123644
1327.4478821229588,1.001509651382147,0.013590316309778033
1327.4895490786062,1.0022198797560966,0.01321334105085436
1327.5103825564684,1.0027661831320172,0.013347223778129663
1327.5312160343567,1.0036302079155637,0.012691877845367315
1327.5520495122794,1.0038774546047642,0.01303912800300101
1327.5728829902146,1.0038534041933078,0.013203258470709849
1327.5937164681807,1.0035144538778522,0.013155480542336067
1327.6145499461554,1.0042854679827133,0.01331314335064335
1327.656216902165,1.0026050545751855,0.012939761235831654
1327.6770503801868,1.0040403268963851,0.012439944001540386
1327.6978838582206,1.0044453484552098,0.01236993213293432
1327.7187173362754,1.0038167436471768,0.012522934742211528
1327.7395508143295,1.0046474309480182,0.012306605690039628
1327.7603842923913,1.003312763804015,0.012144892428369752
1327.802051248543,1.004511155426519,0.012323243036109622
1327.8228847266296,1.0020585607532855,0.012571278862990832
1327.864551682789,1.00438869427106,0.011903084717949299
1327.885385160879,1.0015419249804118,0.012397719114066931
1327.9062186389574,1.0007924605852199,0.012336134801650769
1327.9270521170329,1.001444054873395,0.012653485644946633
1327.9478855951143,1.0017028715684184,0.011787908116687253
1327.9687190731809,1.0011572205646921,0.011849775525306173
1327.9895525512513,0.9996472238440826,0.011868176778485685
1328.0103860293043,0.9995168249684685,0.011501001003503764
1328.0312195073589,0.9988367179488298,0.011656856351439569
1328.0520529853939,0.9997685061245992,0.01163616855200698
1328.0728864634186,1.0009152227841225,0.011518705404491859
1328.0937199414416,0.9995992556059559,0.011351547985076567
1328.1145534194422,1.0022815074349314,0.011041666526207418
1328.135386897429,1.0011453178137908,0.010785725782279864
1328.1562203754017,1.0007178572708644,0.011168950934295273
1328.177053853369,1.0016029844397165,0.010159843631235713
1328.19788733131,1.000680735122193,0.010676537754537774
1328.2187208092441,1.0023160519646017,0.010078399031364272
1328.23955428715,1.000928161398431,0.010317114460185328
1328.260387765047,1.0007133045161087,0.009999698286996518
1328.2812212429144,1.0007329830528993,0.010232947781441178
1328.302054720761,0.9996904984816863,0.01010838545222603
1328.3228881985965,0.999522282820973,0.00966189918720887
1328.3437216763998,0.9993407103195252,0.00996775196934641
1328.3645551541804,0.9988797316056404,0.009974764044522508
1328.385388631947,0.9989091832386398,0.010044405710401886
1328.4062221096797,0.9996974945623325,0.01012025371611104
1328.427055587397,0.9996036542433242,0.00963215230928791
1328.4478890650787,0.9982503945262062,0.009728927657370448
1328.4687225427338,1.0003233424121296,0.009536705335695256
1328.5103894979713,1.0002928574718535,0.009301495944462248
1328.531222975543,1.0022412317018612,0.008936911588567145
1328.5520564530955,1.001701689999187,0.008758669863982185
1328.572889930608,1.0031619114893606,0.00825288583280194
1328.5937234080902,1.00409657994215,0.008052127071781934
1328.614556885551,1.0029240100198393,0.008189254517073504
1328.6353903629704,1.0035010168651823,0.008039866828539253
1328.6562238403676,1.0039605519488466,0.0080026287895606
1328.677057317722,1.0036665489330858,0.007936035852018656
1328.697890795043,1.0020003599014062,0.007859186121284346
1328.7187242723398,1.0001552470061947,0.007722058675992776
1328.7395577495924,1.0004029221428505,0.007123549750092585
1328.7603912268098,0.9961756765932711,0.007917547492315219
1328.7812247040017,1.00028254769189,0.007078864103318201
1328.8020581811472,0.9981408339353004,0.007236831784459228
1328.8228916582664,0.9979763363524138,0.007336938957081959
1328.8437251353382,1.0014836335214663,0.006680569522663474
1328.8645586123725,0.9996616817894501,0.006923945150514608
1328.8853920893787,0.9986251617038492,0.0075553803424590815
1328.9062255663364,0.999748993637575,0.006818350266884494
1328.9270590432648,0.999990670333981,0.006911684907271927
1328.9478925201438,0.999445857473465,0.007544775123171009
1328.9687259969821,1.000568857876503,0.007528529756458683
1328.9895594737907,1.001790909435891,0.00735586284940503
1329.010392950548,1.000668838146173,0.00729440919677476
1329.0312264272736,1.000790501348655,0.007606533648635022
1329.0520599039478,1.0014471915084366,0.007428640350145768
1329.0728933805797,1.0001833866531842,0.007750673169102689
1329.0937268571688,1.0002501466669196,0.00754113842579707
1329.1145603337245,1.0018228266910343,0.006968195264669358
1329.1353938102268,1.003723450179701,0.0069713528761617
1329.156227286695,1.0029594920611498,0.006760533311628163
1329.1770607631088,1.002874594748144,0.006574495553151764
1329.2187277158123,1.0051312987044374,0.006350109147516646
1329.2395611920908,1.002931121394945,0.006380879527093744
1329.260394668333,1.00226557315389,0.007168910472427402
1329.2812281445192,1.0036724070623408,0.006575257735236122
1329.3020616206584,1.0027771539867179,0.006195473290915815
1329.3228950967607,1.0031170374600054,0.006375805572075016
1329.3437285728055,1.0020297979759802,0.006750886264103284
1329.3645620488126,1.0014188849012466,0.006874229101983457
1329.3853955247612,1.0031354700486672,0.0070766428869580705
1329.4062290006614,1.0013044809244327,0.006292248638998352
1329.4270624765225,1.0037500176106136,0.006424585225473955
1329.4478959523244,1.0009844513717385,0.006453439261524666
1329.4895629037887,1.0003135279634008,0.0066769328252895355
1329.5103963794406,1.0051184900037822,0.005974571146237765
1329.5312298550423,1.0017113851545147,0.006882155795660785
1329.5520633306023,1.0030760239191037,0.00605906447444664
1329.5728968061012,1.0021123651736843,0.0058502701365943975
1329.5937302815582,1.0027955162639515,0.005474383709219809
1329.6145637569537,1.0026048264492424,0.005479871420227189
1329.6353972323063,1.0023701941616623,0.0055719647926486685
1329.6562307075965,1.0038566900404728,0.005321794855931255
1329.6770641828336,1.0023507030355974,0.0056066331891714855
1329.6978976580274,1.0030313167661882,0.005478564822368289
1329.718731133163,1.0020141647968581,0.005474753911946498
1329.739564608244,1.0026092738689307,0.005640844276443687
1329.760398083276,1.001800384560247,0.005855409421506071
1329.7812315582432,1.000861134294465,0.005733786937473451
1329.8020650331655,1.0019129785758232,0.005237649953818085
1329.8228985080225,1.0008609136207316,0.0062368053365190225
1329.843731982824,1.001111378935643,0.0054769097984136835
1329.8645654575798,1.0008799767597547,0.006398845247653622
1329.8853989322695,1.0014026623360013,0.005617869930758026
1329.9062324069027,1.0018532708169312,0.005679171146971425
1329.9270658814892,1.0036043535239623,0.005347905036478275
1329.9478993560085,1.002472193678125,0.005085061100529531
1329.9687328304808,1.0019091019518949,0.005946087312913742
1330.0312332535298,1.0030454687259933,0.005668195724956663
1330.05206672776,1.0013578596962815,0.005843192731525356
1330.0937336760524,1.0013215784360665,0.0061546203311942035
1330.114567150105,1.0026585496590534,0.005900073291649476
1330.1562340980402,1.0025592743029168,0.005900421717745181
1330.1770675719129,1.0001842126483047,0.0060105025873575186
1330.1979010457344,1.0005346603246734,0.005882586656971195
1330.2187345194855,1.0026798186291965,0.005254352629781026
1330.2395679931853,1.0014776584835978,0.005847177854995
1330.260401466814,1.0016528317220945,0.005820675695090309
1330.2812349403807,1.001980138034268,0.005617608611186246
1330.3020684138953,1.0030086730585688,0.0057969173906893086
1330.3229018873378,1.0028928910489063,0.005582134479317108
1330.3645688340443,1.0028629262339517,0.005566760177844048
1330.3854023072984,1.002069298072359,0.006019496335952948
1330.4062357804987,1.0026556848315682,0.0057216791306476415
1330.4270692536254,1.0022350242919185,0.005972524142925487
1330.4479027266882,1.0034913366551779,0.005585444527226321
1330.4687361996964,1.001919906219829,0.005979340228422751
1330.4895696726298,1.001949503949038,0.005898135171492106
1330.510403145509,1.0002674956504622,0.0057419749507225575
1330.5312366183125,1.0000612950590704,0.006024178311614007
1330.5520700910508,1.0021547809129923,0.005813881386224029
1330.5729035637332,1.0032882864587467,0.005672333284843181
1330.59373703634,1.0015177528019092,0.005706783915056181
1330.61457050889,1.0022139380679853,0.004833606342584199
1330.6354039813637,1.0033257111847678,0.004753882096560308
1330.65623745377,1.0033830334977034,0.005040854539636743
1330.6770709261198,1.0023165056978245,0.005148126223852444
1330.6979043983918,1.0016499020508869,0.005611162728415673
1330.718737870606,1.0031131842834824,0.005069469032746656
1330.7395713427425,1.002839963040571,0.00516554752863778
1330.7604048148103,1.0017365003085454,0.005408400517345352
1330.7812382868199,0.9994731204252756,0.005380352216640962
1330.8020717587503,0.9993395201655815,0.006121367415685195
1330.8229052306112,1.0037198167906989,0.00483245218114217
1330.843738702413,1.0025555715519545,0.005324081402184331
1330.864572174135,1.0013958327038173,0.005331115253991409
1330.8854056457967,1.0033231895567747,0.004898587809433498
1330.9062391173784,1.001862122762316,0.005279112659207183
1330.9270725888891,1.0028402562304295,0.004885717820523332
1330.947906060339,1.0042651714518351,0.004395830729959706
1330.9687395317076,1.0023072534120028,0.004579930368278736
1330.9895730030044,1.002359516005982,0.005008777562200743
1331.0104064742395,1.0031599223265955,0.004857429976878144
1331.0312399453924,1.0019489692054837,0.005440107292054662
1331.052073416483,1.0021357179958297,0.005274300023760235
1331.0729068874907,1.0010795208902135,0.005410621733705482
1331.093740358435,1.0032365436621946,0.005131924410402082
1331.1145738292964,1.0028708665126578,0.005262344653351299
1331.1354073000841,1.0011471144145576,0.006052095952532506
1331.1562407708077,1.0031303433442043,0.0050192303450719445
1331.1770742414467,1.003113193571342,0.005028485413239155
1331.1979077120113,0.9987581280316411,0.00543485912398808
1331.2187411825112,1.0027418686297107,0.005529739905175212
1331.2395746529255,1.0026541731829077,0.005132839028903312
1331.2604081232746,1.0017279994790673,0.005418526650751828
1331.2812415935377,1.0014730931236562,0.005460468442022522
1331.3020750637245,1.00215032295386,0.0057220493333743315
1331.322908533845,1.0033147340639619,0.00542207624160184
1331.3437420038783,1.0036675574732161,0.00553779725863843
1331.364575473845,1.002693224076118,0.005712184519539635
1331.3854089437239,1.0019916434246303,0.00579510993031783
1331.4062424135252,1.0027668876524758,0.005622138150430433
1331.4270758832583,0.9996476433346305,0.006253769332053743
1331.4479093529033,1.0016915190575404,0.005768498887258231
1331.4687428224693,1.0013360714326225,0.0055947867019174565
1331.4895762919657,1.0019645632913035,0.005505241195320834
1331.5104097613732,1.0013562175517612,0.005826794928396158
1331.5312432307107,1.0013802938795444,0.005661967608495906
1331.5520766999582,1.0019972250955933,0.005608810852269652
1331.5729101691256,1.002280565418737,0.005465869046505976
1331.5937436382221,1.0025855393964536,0.005276608346644292
1331.6145771072274,1.0027369137151156,0.005620592009630735
1331.6354105761611,1.0039529188912868,0.0049084526232681955
1331.6562440450032,1.0003506586621083,0.00539910189591618
1331.677077513763,1.002362085637356,0.005284121284332967
1331.6979109824504,1.0009693975327099,0.005370726945747065
1331.718744451045,1.0018195217233348,0.005451452916796112
1331.7395779195565,1.003228901219194,0.005105814229855061
1331.7604113879943,1.0002648539928103,0.0059309307777505
1331.7812448563384,1.0035877999625562,0.0050813155200006834
1331.8020783246081,1.002918451343427,0.004981730986521511
1331.822911792783,1.0012784332013318,0.0055415210625362945
1331.8437452608832,1.002717679811396,0.005402063517729687
1331.8645787288879,1.0023626443764182,0.0053582924894565315
1331.8854121968072,1.0028857140070646,0.005269748707885065
1331.90624566465,1.0025042111321243,0.005146514753159801
1331.9270791323966,1.0020399375218914,0.00556129424346765
1331.9479126000663,1.0007142096074642,0.0051923545613762135
1331.9687460676391,1.000848575102331,0.005902773593891202
1331.989579535124,1.0036622465029477,0.0054320281619604635
1332.0104130025309,1.0028169626621746,0.00539677179640114
1332.0312464698393,1.0025067047009057,0.005477454214188224
1332.0520799370693,1.0028568332062515,0.005615779374183786
1332.0729134042,1.0023568112248014,0.005314739227493194
1332.0937468712416,1.0031091975802275,0.005274539566701032
1332.1145803382028,1.0018007648503842,0.005459314280580494
1332.135413805064,1.0028434147988579,0.004985803216515082
1332.1562472718347,1.0034661220500887,0.005019665877691578
1332.1770807385242,1.003269981849807,0.004709305332940832
1332.1979142051116,1.0024563719978394,0.004723743239281678
1332.2187476716178,1.001850710700686,0.005735681504368856
1332.2395811380215,1.002939839452838,0.004823567315701649
1332.2604146043325,1.0011881239969913,0.005640386967193072
1332.2812480705602,1.002954197657966,0.005253829990637465
1332.3020815366847,1.003019324853099,0.0051837745687694356
1332.322915002725,1.003711834088825,0.005003921373491832
1332.343748468661,1.0015151129851532,0.005865492001650584
1332.364581934502,1.0024939927004457,0.005515236668941419
1332.385415400258,1.003443823565099,0.005369463901150127
1332.427082331472,1.001813175056975,0.005426540450953082
1332.4479157969297,1.0011598463091282,0.0057681286845315425
1332.4687492622902,1.0016950384921335,0.005662054715019833
1332.4895827275634,1.0019567663039841,0.005358880458493037
1332.5104161927286,1.002234937002632,0.0054322459282702806
1332.5312496578056,1.0019171616667646,0.005337082050880386
1332.5520831227734,1.002507564470849,0.005854407696480915
1332.5729165876423,1.0053239943858605,0.004873087374553964
1332.5937500524217,1.0010936274064473,0.0053366247416297705
1332.614583517091,1.0026012597533223,0.004750201845924406
1332.6354169816593,1.0030695064244959,0.005167354989009258
1332.6562504461365,1.00302025632336,0.0046947803200760585
1332.6770839105022,1.001539951310691,0.0049357169652572445
1332.6979173747761,1.0020963488117263,0.005018468162987587
1332.7187508389368,1.0044568150849822,0.004709457769357704
1332.7395843030051,1.0037410284227803,0.0051708610265973065
1332.7604177669598,1.0030816358373293,0.005236038483125441
1332.7812512308105,1.0011988323107996,0.005507157538847221
1332.8229181582078,1.0032838483280033,0.005154920532718725
1332.8645850851833,1.0021107230750708,0.005509444085100296
1332.8854185485063,0.998897081268567,0.00599055519337831
1332.9062520117322,1.0000002666989698,0.005530131884532882
1332.9270854748409,0.9978357007168822,0.0062121977435097364
1332.9479189378417,0.9998065447303603,0.006067709796946363
1332.9687524007436,0.9993805317329579,0.0055415210625362945
1332.9895858635266,1.000566875800201,0.0053881482505324
1333.0104193262096,0.9990416930409539,0.005314848110648101
1333.031252788773,0.997836512607299,0.005284643923476527
1333.0520862512249,0.9959037256061761,0.006288590164993432
1333.072919713576,0.9978886871952823,0.005399319662225997
1333.0937531758052,0.999836556829841,0.005032492313339781
1333.114586637932,0.9976235738644926,0.005747310225313067
1333.135420099936,0.9977752869639659,0.005954427762579722
1333.1562535618264,0.9979701092352663,0.005746003627454166
1333.1770870236128,0.9997700728762707,0.00521905271095974
1333.1979204852744,0.9977595997053968,0.00622254164322603
1333.218753946831,0.9988478868282608,0.005410599957074501
1333.2395874082613,0.9991098187293272,0.005513821187927612
1333.2604208695855,0.9983666057275362,0.005703408537254022
1333.2812543307737,0.9976845332617668,0.005373361918095846
1333.302087791845,0.9977626938685308,0.005669545876077526
1333.3229212528163,0.9973108329945567,0.005329634443084655
1333.3437547136589,0.998807939602643,0.005417089393107037
1333.364588174382,0.9969039036978674,0.005683896675894447
1333.3854216349948,0.9978134470671166,0.005605500804360438
1333.4062550954773,0.9997202072821884,0.005386994089090372
1333.4270885558483,0.9989367662627278,0.006174937927900101
1333.4479220160877,0.99781636609816,0.006165878849411726
1333.4687554762145,0.9978930698824757,0.006345274735438716
1333.4895889362083,0.9998502835124511,0.0059499199999665155
1333.510422396078,0.9993033579462225,0.006250785933609254
1333.531255855833,0.9983307338099965,0.0058661235239490525
1333.5520893154535,1.0,0.005730890645552888
1333.5729227749475,0.9978452641210647,0.005800096778812633
1333.5937562343256,0.9990224102918217,0.005859546981392589
1333.6145896935664,0.9961226070536174,0.006219188042054852
1333.6354231526893,0.9984142915562406,0.005911331809866998
1333.6562566116738,0.9977658909624547,0.005729388058015154
1333.6770900705292,0.9974463623238611,0.006035872362451163
1333.6979235292647,0.9974306490308802,0.005934698134910329
1333.7187569878595,0.9962408344843884,0.005919628706271014
1333.7395904463328,0.9981893968349357,0.006123065992901766
1333.7604239046643,1.0002109771333854,0.004800723629801878
1333.781257362863,0.9977746731974263,0.005571180833933328
1333.8020908209385,0.9972387609771343,0.005947829443392275
1333.8229242788696,0.996981898190512,0.005977598097944217
1333.8437577366758,0.997126446159155,0.006154859874135002
1333.8645911943363,0.9987070573096086,0.0062600845550384275
1333.8854246518704,0.9977000078402023,0.006177376910570048
1333.9062581092574,0.9979767108312251,0.006341311388600052
1333.9270915665059,0.9993737528021447,0.00606429086588224
1333.947925023626,1.0005683410022521,0.006545467304053199
1333.9687584805968,0.9991704158397332,0.006185434264033266
1333.9895919374271,0.9979481772380508,0.006390461244725679
1334.0104253941265,0.9986938745326892,0.0065542215097078305
1334.031258850674,1.0007210446242931,0.00595871775888311
1334.0520923070885,0.9984728592175393,0.0068024533262678755
1334.07292576335,0.9993245281326183,0.0062946658450373175
1334.0937592194766,0.9975428116861235,0.006688147790245095
1334.1145926754484,0.9982527982726861,0.0068529315568833845
1334.135426131274,0.9977021550820507,0.006624647134302548
1334.1562595869625,0.9984100308096391,0.006136110194859785
1334.1770930424937,0.9963244309495876,0.006202812015556637
1334.1979264978866,0.9965493299837226,0.006465416408564585
1334.2187599531196,0.998077459394792,0.006121628735256976
1334.2395934082026,0.9980370985919964,0.005485206694817698
1334.260426863144,0.9984517869143685,0.005745698754620424
1334.2812603179234,0.9967758371942154,0.006356359040608385
1334.30209377256,0.9974778234557182,0.005841820803773511
1334.3229272270328,0.9978704891306213,0.006401284230323569
1334.3437606813507,0.9983866844331158,0.005776294921149667
1334.364594135523,0.9973304683943967,0.006634403064982336
1334.3854275895285,0.9976988319204544,0.0065226453947844105
1334.4062610433864,0.9979620538881072,0.006711862541384133
1334.4270944970758,0.9983262772008978,0.006335605911282855
1334.4479279506056,0.9992120377556313,0.006932024280608806
1334.468761403985,0.9971436289645378,0.006991888239177414
1334.489594857193,0.9995657307384246,0.006599734668459519
1334.5104283102485,0.9997089289428605,0.006387216526709411
1334.5312617631305,0.9981933438609897,0.0065832497588063955
1334.5520952158581,0.9992968259945924,0.006115269959010328
1334.5729286684104,1.000140121390209,0.006065423250693288
1334.593762120796,0.9989530153732575,0.006108497426775029
1334.6145955730242,0.997754286669237,0.006026769730700826
1334.6354290250736,0.9976161428728215,0.006079316741259592
1334.6562624769538,0.9968249222245031,0.0066840755602515225
1334.677095928673,0.9996382893978468,0.005913073940345531
1334.6979293802108,0.9981700762516345,0.006751953319021385
1334.7187628315855,0.9976021321245299,0.0068818944760890045
1334.7395962827763,0.9970135657962941,0.007768464676614712
1334.760429733792,0.9978187140714557,0.007551939634763978
1334.7812631846418,0.9985817532392726,0.008230151030057076
1334.802096635304,0.997977155305101,0.008502554907006776
1334.8229300857984,0.9983594217950953,0.008921602616987032
1334.8437635361026,0.995665648411664,0.010211519576555214
1334.8645969862362,0.9977481483589289,0.009694869006515117
1334.885430436178,0.9951070666739606,0.01041473909687615
1334.9062638859368,0.9941068788603332,0.011544336499157285
1334.9270973355215,0.9951752449995079,0.011322018873465426
1334.9479307849103,0.9939541119294888,0.011771423207034129
1334.9687642341225,0.9939200899241438,0.012279210688264687
1335.0312645806068,0.9935393870297661,0.012717813812866484
1335.0520980290498,0.9932388960330405,0.013027303292377961
1335.07293147731,0.9930265216392741,0.013363055388853335
1335.0937649253658,0.9924720079001365,0.013400707183820642
1335.114598373236,0.9927036384602663,0.01340837255792619
1335.1354318208994,0.9920973613126353,0.01377345777633387
1335.1562652683642,0.9919146588824865,0.013265692071734295
1335.1770987156399,0.9919776580515112,0.013408176568247355
1335.1979321627045,0.991082472178151,0.01337890877620799
1335.2187656095768,0.9918455312024598,0.013696629822230542
1335.2395990562354,0.9901562209018744,0.014499534206524679
1335.260432502689,0.9893971903581998,0.014622354405261292
1335.281265948946,0.9914899878390718,0.014150781461353248
1335.4062666220295,0.9907399952343722,0.014437057052238267
1335.4271000668,0.9907066966907517,0.014326192223910593
1335.4479335113422,0.9915118635144837,0.013967531111642504
1335.4687669556645,0.9912284064415672,0.01402216867877551
1335.4896003997749,0.9886702683879286,0.015170668196748734
1335.5104338436522,0.9902758941093268,0.014335599728494674
1335.5312672873151,0.9894581387043023,0.014640646775285895
1335.5521007307416,0.9898428320344516,0.014600251124814898
1335.57293417395,0.9891964048789309,0.014422248943170736
1335.5937676169187,0.9895086210937134,0.014307616757683229
1335.6146010596563,0.9913131824020714,0.013671216493874932
1335.6354345021712,0.9879573826991654,0.015502740042588205
1335.656267944441,0.9901889148312975,0.014448446230241682
1335.6771013864843,0.9901832080898899,0.015095016180718417
1335.6979348282796,0.9897704528509803,0.01456754262508043
1335.718768269835,0.9892528097766977,0.014450057700934325
1335.7396017111587,0.9900763181802965,0.014438428979990117
1335.7604351522289,0.9892319171582769,0.015038179173856261
1335.7812685930637,0.9889015631350072,0.0147722647329391
1335.8021020336414,0.9898384210157853,0.014166547742183977
1335.8229354739701,0.9909391418058097,0.014023997915777972
1335.8437689140578,0.9902177099630757,0.01439738003058967
1335.8646023538827,0.9909582569934727,0.014178045803342297
1335.8854357934629,0.9884890518045281,0.015282360537053716
1335.9062692327764,0.9890578506569122,0.014962113401837292
1335.9271026718313,0.988704919625626,0.014531044991555154
1335.9479361106357,0.9897352253255988,0.014988920434575725
1335.9687695491675,0.9897183401057914,0.014534289709571421
1335.9896029874446,0.9903664555086794,0.01414808115911152
1336.0104364254453,0.9891031804670795,0.014713642042336446
1336.031269863187,0.9892050165139218,0.014818692510192017
1336.0521033006476,0.9882270781878276,0.015093709582859516
1336.0729367378358,0.9895016956724982,0.014708263214483977
1336.0937701747584,0.9879901328283334,0.015001246007711348
1336.1146036113942,0.9891314591799337,0.01483058255070801
1336.1354370477607,0.9897284898554775,0.014429043252037015
1336.1562704838352,0.9902260083961416,0.014629475363592296
1336.177103919626,0.9895435209334373,0.01450047060165689
1336.1979373551405,0.9890686006139089,0.014860656078093696
1336.218770790357,0.9897109052832523,0.014557046288947266
1336.2396042252926,0.9886561122090832,0.014831279402899425
1336.2604376599256,0.9898400442985272,0.014230157281281432
1336.2812710942728,0.9894722592581957,0.01445075455312574
1336.3021045283126,0.9904406338337275,0.014000283164638935
1336.3229379620525,0.9891130270166623,0.015045692111544938
1336.3437713955,0.9890189181573437,0.014706041998123845
1336.3646048286323,0.9890895394210882,0.014617890195910048
1336.385438261467,0.9894527711664634,0.014367088736894169
1336.406271693982,0.989070717361607,0.014587424689166696
1336.4271051261846,0.9888581993467909,0.014712335444477547
1336.4479385580821,0.9894424554018167,0.01450112390058634
1336.4687719896526,0.9892811641334613,0.014673594817961159
1336.4896054209128,0.9892814049422418,0.014688969119434217
1336.5104388518403,0.9868270330988169,0.015100482115094816
1336.531272282452,0.9878959379768143,0.01472986563241779
1336.5521057127262,0.9900118842320798,0.014453607291784337
1336.5729391426694,0.990491020914434,0.013869144292867324
1336.5937725722893,0.9887429380450306,0.01484103533357921
1336.614606001563,0.9893354372415649,0.01439099947771204
1336.6354394305079,0.9900668580368918,0.0142002579669436
1336.656272859101,0.9893020633790094,0.014650359152703718
1336.6771062873595,0.9891512979602922,0.014722309141467153
1336.7396065700195,0.9500064938021833,0.014163215917643782
1336.760439996861,0.9324210996265169,0.014561249178726728
1336.7812734233537,0.9280725829889196,0.014721982492002428
1336.8021068494747,0.9270816696002533,0.014300517575983206
1336.8229402752306,0.9268122728392223,0.014738097198928863
1336.8437737006288,0.9270373514098298,0.014353565449054551
1336.8646071256462,0.9293808438021528,0.014462513933855838
1336.885440550299,0.9323760365486251,0.014781214928272567
1336.9062739745655,0.9531553577596323,0.014482439551204066
1336.9271073984614,0.9816493221807352,0.014190763355835592
1336.9479408219643,0.9884415356244224,0.014976899734273845
1336.9687742450908,0.9900993791980198,0.014405132511219143
1336.9896076678183,0.9893241030624543,0.014733545883053692
1337.010441090153,0.9875596447332744,0.015236542505468284
1337.0312745121018,0.9888071556867413,0.014559485271617212
1337.052107933642,0.9885833661701273,0.014769216004601668
1337.0937747755231,0.9897430465855392,0.014499142227167009
1337.1146081958475,0.9895196365969879,0.01470558468887323
1337.1354416157703,0.9895680639117542,0.014732217508563813
1337.1562750352684,0.9887362209225465,0.0146248369411932
1337.177108454359,0.9885303133352304,0.0142281756078621
1337.1979418730182,0.9910753906695406,0.01410620469773377
1337.2187752912628,0.9888254832260256,0.01516783723472112
1337.2396087090701,0.9907570547845778,0.01428725560771537
1337.2604421264468,0.9894495485089518,0.014527016314823544
1337.2812755434002,0.9903528753266355,0.014127763562405625
1337.302108959906,0.9909270930388954,0.014007229909922087
1337.3229423759822,0.9903492974772964,0.014304960008703465
1337.3437757916054,0.9886629552588226,0.014523902256593165
1337.3646092067925,0.9895535265952321,0.01433832180736738
1337.3854426215207,0.9900876529768893,0.013998693470577271
1337.4062760357967,0.9900046901620161,0.014601840818876558
1337.4271094496237,0.990573722559715,0.014454151707558881
1337.4479428629832,0.9892154458268144,0.014508135975762438
1337.4896096883351,0.9886071918073679,0.014207008722547917
1337.5104431003087,0.9898069278322013,0.014573836071434133
1337.531276511824,0.9880330662441609,0.01520115548012307
1337.5521099228586,0.9892769158837498,0.014278087646072085
1337.57294333343,0.9899489662272335,0.014394766834871868
1337.5937767435162,0.9891202668152979,0.014307420768004394
1337.635443562264,0.9903106662723422,0.014190676249311666
1337.6562769709224,0.9905960740308959,0.013647980828617493
1337.6771103790877,0.9917814562854981,0.014048082869643697
1337.697943786769,0.9897579506037747,0.014367850918978525
1337.7187771939743,0.9904845506261377,0.014251411273119541
1337.7396106006834,0.9898037962538201,0.014488166805152247
1337.7604440069051,0.9895510966646031,0.01462572978306345
1337.8854444340197,0.9897182909273564,0.014698768603375968
1337.9271112391689,0.9895744232856273,0.014423555541029635
1337.9479446410164,0.9903727457923691,0.014239129253245879
1337.968778042396,0.9897808953049628,0.014640908094857675
1337.9896114432909,0.9899113290704254,0.014143246747033591
1338.0104448437246,0.9910187527961956,0.013963045125660281
1338.0312782436822,0.98855508402678,0.014647985499926715
1338.0521116431883,0.9914385018511025,0.014267286437105177
1338.072945042229,0.9897644697598122,0.014541889753784024
1338.0937784408209,0.9893640054009198,0.014451734501519913
1338.114611838981,0.9906601616305378,0.014199060252239607
1338.1354452366975,0.9882881045148256,0.014623856992799026
1338.1562786339996,0.9905365163864589,0.014253850255789489
1338.177112030877,0.988985391396308,0.014929775104829512
1338.1979454273505,0.9898747154250738,0.014521158401089475
1338.2187788234428,0.991526371228201,0.014237822655386981
1338.2396122191467,0.99083890628032,0.013926830588337765
1338.2604456144966,0.9888428468248247,0.015036262830329876
1338.2812790094883,0.9915043943633981,0.013423877519185135
1338.3021124041588,0.9894077416513024,0.014242613514202947
1338.3229457985067,0.9895811370764017,0.014423991073649268
1338.3437791925617,0.9913650284454326,0.013890463614598376
1338.3646125863554,0.9917292769224004,0.014118181844773689
1338.385445979891,0.9894275614718814,0.014798418466748085
1338.406279373214,0.9907706838017396,0.014213519935211439
1340.6354590494952,1.0006751414166282,0.009113912045186152
1340.6562925695391,1.0011316909687278,0.009102936623171388
1340.677126089989,1.0006645308173632,0.009008839800699598
1340.6979596108413,0.9997486356648811,0.009388471808603034
1340.7187931320625,0.9997398680901421,0.009208705719849357
1340.7396266536596,0.998883156852861,0.009170313519428675
1340.7604601755993,1.0008221278127132,0.00905714036821694
1340.7812936978798,0.9991556117526608,0.008985647688704121
1340.8021272204994,0.9989350780044867,0.009123188889984342
1340.8229607434262,1.0011527241839016,0.008460721998890988
1340.8437942666694,0.9996360360550208,0.00900417960166952
1340.8646277901983,0.9999815994200271,0.008860236070880689
1340.8854613140225,0.9998251227768964,0.008883101533411441
1340.9062948381118,1.000984164571612,0.008823869097141302
1340.9271283624767,0.9983465807562526,0.009316608926363526
1340.9479618870878,1.0001739348782621,0.008994815650347404
1340.9687954119456,1.0003362917310497,0.00912536655308251
1340.9896289370522,0.999171078954775,0.009006095945195908
1341.0104624623784,1.0016121067576516,0.008631603222204146
1341.0312959879361,1.0014517075348797,0.00905779366714639
1341.0521295136975,1.0011361668827996,0.008712960715551662
1341.072963039675,0.9995424743279661,0.009609003750554396
1341.1146300922076,1.0013625466265454,0.009711920108573763
1341.1354636187489,1.0020953777180337,0.009596438634477972
1341.1771306723667,1.0016756860616092,0.009769998383401876
1341.1979641994205,1.0018458705485256,0.009307114315255518
1341.218797726643,1.002267246871185,0.009391890739667156
1341.2396312540077,1.0007434443787115,0.009789031158879854
1341.2604647815288,1.0012123817854457,0.009326560846722148
1341.281298309181,1.000728621842391,0.009518935604814214
1341.3021318369786,1.0009157743256036,0.009620044502462103
1341.3229653648966,1.0004367134174612,0.009818124737871362
1341.3437988929493,1.0013123532998032,0.009428410149823416
1341.3646324211122,1.001778659241253,0.00927020292574159
1341.3854659493907,1.0001105996430306,0.009785568674553768
1341.4062994777892,1.0032024078415687,0.00955517191876771
1341.427133006284,1.002965191769362,0.008999802498842205
1341.4479665348906,1.00255686532983,0.009166371949220991
1341.4688000635845,1.0012096119011626,0.009646938641724464
1341.4896335923816,1.0012400579015603,0.009507306883870002
1341.5104671212578,1.0014356805897275,0.009959542179466322
1341.531300650229,0.9988964161746673,0.010340916317848291
1341.552134179272,1.000472611084474,0.009725508726306325
1341.5729677084023,1.0021792747458922,0.009770129043187767
1341.5938012375968,1.0009284986707816,0.00941660721583135
1341.614634766862,0.9999982819810045,0.010217943682694807
1341.6354682962049,1.0010819908949466,0.009061016608531676
1341.6563018256013,1.001877196031588,0.009423880610579229
1341.677135355068,0.9989832590545127,0.009763160521273632
1341.7188024141622,1.0016210264618022,0.009060080213399465
1341.7396359437828,1.0020054016600084,0.009381851712784607
1341.760469473462,1.0016608985295181,0.008754684740512539
1341.7813030031775,0.9996264009375534,0.009780560049427985
1341.8021365329362,1.0017207091259197,0.008891550866232329
1341.8229700627453,1.000796245920342,0.00907697887904124
1341.8438035925822,1.0019086349487898,0.009084470040098934
1341.8646371224647,1.0022262556591535,0.008735739071558486
1341.8854706523703,1.001958832688706,0.008536591781231123
1341.9063041823163,1.0014260836713376,0.008791683236550395
1341.9271377122805,1.0021662203072985,0.008891093556981713
1341.9479712422708,1.0006485687460718,0.008727267962106619
1341.968804772295,1.0003660035795305,0.008616620900088757
1341.9896383023308,1.000339200775797,0.009256309435175284
1342.0104718323964,0.9998266982694888,0.009340389007395509
1342.052138892568,1.000787792135686,0.009053503670843
1342.1146394829177,1.0022983591773484,0.008339839920311745
1342.2813077240978,1.0014394981708374,0.008654534014627843
1342.3021412542344,1.0006680745901022,0.008651572392814336
1342.3229747843752,0.9998756822375372,0.009009122896902361
1342.3438083144981,1.0011497803229328,0.008282458497675046
1342.3646418446222,1.0007731912561775,0.008582932451960117
1342.3854753747257,1.0012130124455585,0.008648022801964325
1342.4063089048177,1.0009485284269677,0.008496305013915037
1342.4271424349063,1.0019265768844952,0.00824376142442062
1342.4479759649707,1.0033339337531193,0.007814239154938181
1342.4688094950297,1.0023471480924302,0.0077198156830016644
1342.489643025062,1.0021609502164337,0.00822914930503192
1342.5104765550866,1.0035543578856914,0.007674520290559792
1342.531310085082,1.0007468386119935,0.007822361838294344
1342.5521436150668,1.002058251036877,0.007248634718451292
1342.5729771450208,1.002219377039662,0.007313899281503353
1342.5938106749625,1.0010346885732142,0.007179973000966089
1342.6146442048707,0.9999413726561772,0.007373981006381779
1342.6354777347642,1.000956214972141,0.006939079909046866
1342.6563112646224,1.0000962121141266,0.007449981448507803
1342.6771447944543,0.9986097707156297,0.007565637135651448
1342.6979783242687,1.0006694188511542,0.006535754926635375
1342.7188118540446,1.002880398041971,0.0062853018937152
1342.7396453838014,1.0012834630319398,0.0066146298840509795
1342.7604789135178,1.0009941256393093,0.006783834306778549
1342.7813124432132,0.999428114097913,0.0065658720072830235
1342.8021459728666,1.0012616277102733,0.0063291164752503175
1342.8229795024968,1.0027138257229347,0.005939401887202368
1342.8438130320835,1.0025175942158868,0.006063267364226102
1342.864646561636,1.0016183286951148,0.005886136247821206
1342.885480091163,1.0025322658500158,0.005695634279993566
1342.9063136206437,1.0022204685363234,0.00568851332166256
1342.9271471500974,1.0015383710231573,0.006436192169787184
1342.9479806795036,1.0013798366700146,0.006544748675230805
1342.9688142088814,1.0032346992395018,0.006214832715858519
1342.9896477382101,1.001030668727396,0.006900273952637532
1343.0104812675088,1.0015653536990468,0.00679663896579577
1343.0313147967568,1.0010861989853392,0.006328049420332216
1343.0521483259736,1.0018240232465512,0.006396014285626006
1343.072981855138,1.0010602577094436,0.0063366076363080125
1343.0938153842703,1.0016275882747818,0.006347953261049462
1343.114648913349,1.0013367346078825,0.005858022617223872
1343.1354824423838,1.0001685555266937,0.005994126560859303
1343.156315971384,1.0031145732971258,0.004855666069768629
1343.1771495003288,1.0015686614140047,0.004886915535227324
1343.1979830292378,1.0019493452352692,0.005386972312459389
1343.2188165580903,1.0010742357015028,0.004702380364288661
1343.2396500869056,1.0002749899014791,0.005287975748016722
1343.2604836156631,1.0022670229780641,0.004757192144469522
1343.2813171443827,1.002038938842584,0.005164436920457714
1343.3021506730433,1.0026178295137032,0.004848871760902348
1343.3229842016644,0.9989374134283883,0.005834155429667963
1343.3438177302257,0.9989760361583647,0.0054290665401469556
1343.3646512587368,0.9971723083648527,0.005555784755829287
1343.3854847872062,0.9978313480310214,0.005254221969995136
1343.4063183156145,0.9956489859543178,0.005511491088412573
1343.4271518439805,0.9980008426097862,0.004956034561963141
1343.447985372284,0.9983290860061038,0.004678012314220173
1343.4688189005442,0.9977823454188941,0.00466139674478116
1343.489652428741,0.9975697168457193,0.004948717613953301
1343.5313194849816,0.9960833876000605,0.004476404264591882
1343.5729865410021,0.9983548929632214,0.003839350701854136
1343.6146535967985,1.0015272568401157,0.003655730149416703
1343.6354871246165,1.0027662079695576,0.003153016623204874
1343.656320652367,1.0005131634131181,0.003297112590410578
1343.677154180073,1.0009941176329304,0.003460872855392729
1343.6979877077108,0.9993356782187204,0.0035864804628949953
1343.718821235297,1.0015052075587043,0.0027237556732942142
1343.7396547628134,1.0010259062726352,0.0030034547216227715
1343.7604882902706,1.0019158554679513,0.003279778392149169
1343.7813218176773,0.9994249872189833,0.0032283202131394855
1343.802155345014,0.9991863574062813,0.003319019881178137
1343.8229888723001,1.000074765985857,0.0028571375380569376
1343.8438223995145,1.002287651141523,0.0026562263406200584
1343.8646559266774,1.0008397129176372,0.003400181384846817
1343.8854894537685,1.0018512318399384,0.0024468440337313112
1343.9063229808069,0.9996737087241837,0.0029506681681232055
1343.9271565077727,1.001141996054142,0.0026947492008266316
1343.9479900346753,1.0007255182184127,0.00280263063070982
1343.9896570882993,0.9994781425364268,0.003235615384518344
1344.01049061502,0.9999487490443381,0.0033589146691365545
1344.0313241416657,1.0006473613724638,0.003138687600018936
1344.0521576682565,0.9998390652945591,0.0034730242154805
1344.072991194772,1.0005513962461636,0.002593836292857577
1344.0938247212312,0.9994332460363662,0.0030855961736856266
1344.1146582476144,0.9990088350781876,0.003158874536938943
1344.1354917739416,0.9990572391166734,0.0029473145669520287
1344.1563253001916,1.0006260408421561,0.0027087951278098083
1344.177158826384,1.0006022410219462,0.0022671650515015598
1344.1979923524993,0.998705882342362,0.0028158708223466737
1344.2188258785563,1.0006035045851134,0.0024083647267867025
1344.239659404535,0.998035862875897,0.003103627224138449
1344.3021599820781,1.0000017180219472,0.0033168639947109514
1344.3229935077802,1.000448597039443,0.0034924925235781125
1344.3438270334223,1.0010096795968715,0.0035602178459311026
1344.364660558984,0.9993651783818367,0.00393177072374034
1344.385494084475,0.999700941957727,0.003596802585980307
1344.4063276099052,1.0007314869960786,0.002915281142777993
1344.4271611352538,0.9986757505538713,0.0036100427776171616
1344.4479946605406,1.0003902300886096,0.002936578687878066
1344.4688281857457,1.0012868742949648,0.0021910121729586643
1344.4896617108884,0.9991135009876284,0.0027638464509314666
1344.5104952359484,1.0008505020305045,0.002288048840612981
1344.5521622858591,1.0007080677767854,0.0021635736179217604
1344.5729958107092,1.0002651130050206,0.0019426279199817468
1344.5938293354754,1.0013523659344516,0.002006259235710184
1344.6146628601773,1.0034011850936941,0.0017573958968516705
1344.6354963847944,1.0018750056408077,0.0021495930208315288
1344.7396640067707,1.0028075369550589,0.0014682675673080505
1344.760497530944,1.0014053073719043,0.002020784248574958
1344.78133105503,1.0031151671157919,0.001430898868543507
1344.8021645790493,1.0012165683895227,0.0020318032238516824
1344.8229981029806,1.0000491569744256,0.0019438038580547568
1344.8438316268446,1.0027742452984703,0.001594027611227189
1344.8646651506206,1.001606845877996,0.0017976826641677576
1344.885498674328,1.0021889223109965,0.0012761759054187483
1344.9063321979468,0.9995578051633774,0.0022905967064378355
1344.9271657214865,1.0016510823806077,0.0014053548804020086
1344.9479992449571,1.0014176427579475,0.0017990110386576401
1344.9688327683382,1.0027978970397255,0.0014857542019863312
1344.9896662916487,0.9991422830970618,0.002042495549663681
1345.0104998148695,0.9993537032567154,0.0020202833860623794
1345.0313333380193,0.9992135514724718,0.0021807989330282613
1345.0521668610786,0.9998627850508811,0.001667937496778974
1345.0730003840667,0.998120908322002,0.0021615919445024286
1345.0938339069633,1.0018962089279575,0.001215571541396763
1345.1146674297877,1.0002069315818416,0.0014854711057835691
1345.1355009525203,1.000552916861551,0.001566981035547956
1345.1563344751805,0.9991295916096088,0.0017859450600686386
1345.177167997748,1.0005892041571942,0.002069128369354262
1345.1980015202419,1.0015827135041278,0.0012623695213763713
1345.2188350426427,1.0017464186006368,0.0015948986764664557
1345.2396685649699,1.0008424838414867,0.0014785025838694357
1345.2605020872031,0.9983652902148824,0.0020523821401293592
1345.2813356093618,1.001422328172614,0.00120402992697648
1345.302169131426,0.9977046694521878,0.0025031366248189266
1345.323002653415,0.9991115626593673,0.002362132939212619
1345.3438361753088,1.0002831521219293,0.0022279671157345556
1345.364669697117,0.9989265109592631,0.0022672086047635237
1345.385503218849,0.9987069305686438,0.002405054678877489
1345.406336740485,1.0009768634394642,0.0018333745623467137
1345.427170262044,1.00172572771294,0.0017203974008138145
1345.4480037835067,1.0003493906961942,0.0018082225535628862
1345.468837304892,0.9988728531571798,0.002465571936375547
1345.4896708261797,1.000728789650043,0.001919109158521545
1345.5105043473893,0.9990555221724083,0.002056432593491949
1345.531337868501,1.0002990325896441,0.001763253810585739
1345.552171389534,1.0018757787649781,0.0015271515774824835
1345.5730049104682,1.0039388636151532,0.001177745533381605
1345.593838431323,1.0023408652705352,0.001238763653392241
1345.6146719520782,1.0042539497557046,0.0009405980219912293
1345.6355054727537,1.0034458984619383,0.0010483270154575462
1345.656338993329,1.0058186523856412,0.00022347178713388633
1345.6771725138237,1.0030228840786308,0.0009447355818777467
1345.6980060342178,1.001824476491917,0.0013861261152451954
1345.7188395545304,1.0045817769541727,0.0008968705469800381
1345.7396730747414,1.0022567439550218,0.0012908315780694119
1345.7605065948708,1.0024487864396023,0.0016403900585871625
1345.7813401148976,1.0049968178510924,0.0003712262283445104
1345.802173634832,1.0017326826226762,0.00214660962238704
1345.8230071546834,1.0052766471489003,0.0007177577571558101
1345.8438406744315,1.0042005350205767,0.0008517058143240559
1345.864674194096,1.0023877754590205,0.0014378891670886228
1345.8855077136566,1.0043824097502085,0.0009946040668257683
1345.906341233133,1.0042414499545762,0.000640276504123032
1345.9271747525045,1.0011333928893251,0.0017260375482380666
1345.948008271791,1.002449890365314,0.001432009476723572
1345.9688417909722,1.0024998801748102,0.00070978751021652
1345.9896753100677,1.0006766087548142,0.002123744159856288
1346.0105088290568,1.0005696395341375,0.0009286862048442568
1346.0313423479595,0.9996757363638863,0.0013811392667503939
1346.0521758667555,0.9993472264122671,0.0018693713333594122
1346.0730093854643,1.0016440281462515,0.0007162116163561116
1346.0938429040655,1.0037517735994692,0.0006796050996759262
1346.1146764225787,1.0015052008633754,0.0012919639628804584
1346.1355099409836,1.0027423412768446,0.0014136953300679883
1346.1563434593,1.0023603897381343,0.0010177526255592815
1346.177176977507,1.002767803311051,0.0007384673332193768
1346.1980104956249,1.0058312568716654,0.0007649694931240681
1346.2188440136326,1.0038321928212655,0.0009491126847050613
1346.2396775315503,1.0042507798830702,0.0012934665504181933
1346.2605110493575,1.0040837268219998,0.0011020717407203052
1346.2813445670736,1.0015821652493464,0.0013797673389985478
1346.3021780846784,1.0027418490715727,0.0006563258811565219
1346.3230116021816,1.0004672387963491,0.0015540021634828818
1346.3438451195927,1.0004827285452749,0.0011917696837337993
1346.364678636891,1.0003421889108706,0.0012157022011826531
1346.3855121540962,0.9996520263280114,0.0014968167305250196
1346.4063456711883,0.9997663231430063,0.0017171309061665648
1346.4271791881863,1.0013593709365116,0.0005761225492510352
1346.4480127050808,0.998953705157219,0.0015703346367191328
1346.4688462218603,1.0005114034364866,0.0017225750639119823
1346.489679738535,1.0023520465935518,0.0013236925142207508
1346.5105132551141,1.0032774340466402,0.0008536439344814253
1346.5313467715775,1.0019573026342237,0.0013917009327765028
1346.5521802879448,1.004510589132268,0.0008845449738444136
1346.5730138041956,1.003439213536443,0.000986699149779422
1346.593847320349,1.005380059587275,0.0004965289630130343
1346.6146808363849,0.9989249650544184,0.0022402491356082166
1346.6355143523233,1.0056034856728295,0.0009235469199325817
1346.656347868143,1.0043808638910192,0.0
1346.6771813838639,1.0027461212542184,0.0011216924852347882
1346.6980148994655,1.0053360384201835,0.00014951834832013872
1346.7396819303501,1.006136367367017,0.0003825500764549795
1346.7605154456312,1.005255901666127,0.00017758842565550974
1346.7813489607918,1.003538242614642,0.0003186356645237801
1346.802182475851,1.0036285573329502,0.0007768159803780967
1346.823015990788,1.0038941183283652,0.00046656431878225877
1346.8646830203345,1.0051658421673317,0.00022040128216547163
1346.885516534943,1.004082065629511,0.0005241199544668094
1346.906350049428,1.0035574869157995,0.0007174964375840303
1346.9271835638087,1.0048512735123998,0.00013460135609769534
1346.9480170780646,1.004590257053532,0.00045922559414143577
1346.9688505922152,1.002619680083288,0.0006519487783292071
1346.9896841062405,1.001371956750254,0.0015725994063412279
1347.0105176201491,1.002296229030926,0.0008779466546569673
1347.0313511339516,1.0013356397199369,0.0011637213830294096
1347.0730181611714,1.0019587506826109,0.0009706279961149509
1347.0938516746207,1.0033652454269038,0.001455332248504939
1347.1146851879412,1.0017786875294146,0.0008854378157146615
1347.406354361753,1.0015799401178844,0.0013523070073306637
1347.427187873231,1.0016522920902016,0.0012682274351104395
1349.4272042799523,0.9958477097135422,0.007489963342990148
1349.5313717558838,0.9958085158255303,0.008717032945545234
1349.5522052504136,0.9971503169415521,0.008456911088469198
1349.5938722388212,0.9943723457410091,0.008638528190856316
1349.6147057326964,0.9947167603318297,0.008730795776325649
1349.7397066911503,0.9944784594446995,0.009556892272615263
1349.7605401834126,0.9938093906375834,0.009200430600076323
1349.7813736754497,0.994557714049605,0.009113149863101792
1349.80220716724,0.9939432960190319,0.009459703168544073
1349.8230406588023,0.9939887107382365,0.009391999622822065
1349.8438741501145,0.9946459319500717,0.009063760464035368
1349.8647076411953,0.9936336106747325,0.009739423993503612
1349.8855411320228,0.9937700031491509,0.009712246758038489
1349.9063746226154,0.9945934897326427,0.009440583286542167
1349.9272081129511,0.9944527978183545,0.009078960552460573
1349.948041603049,0.9934547159313666,0.009616059378992457
1349.9688750928867,0.9942486152873715,0.009439799327826829
1349.9897085824825,0.9925925920660997,0.009284074639676914
1350.010542071815,0.9941021187009484,0.0093298273413694
1350.0313755609022,0.9934384014222924,0.009763073414749706
1350.0522090497225,0.993900600716053,0.009680039120816601
1350.0730425382935,0.9933440434377601,0.009380131358937055
1350.093876026594,0.9930341958675617,0.009314278826848488
1350.1147095146418,0.9946929440861358,0.008978134751015445
1350.135543002415,0.993750454427365,0.009583655752091733
1350.156376489932,0.9954149032309731,0.008799348610655943
1350.1772099771706,0.9944225152642533,0.009541169545046498
1350.198043464149,0.9945655856867927,0.009412730975516613
1350.218876950845,0.9946144234424474,0.009044509922247573
1350.239710437277,0.9930888379164075,0.009301125741735559
1350.2605439234328,0.9922582868207208,0.00961377283273938
1350.2813774093001,0.9939664058814873,0.009086800139613974
1350.3022108948874,0.9938749107816449,0.009376755981134896
1350.3230443802022,0.9941867561811296,0.009099343479059415
1350.3438778652226,0.9951020403026277,0.009241457772845785
1350.3647113499662,0.9949229327453972,0.008945796454007667
1350.3855448344111,0.9944637003388277,0.009460225807687633
1350.4063783185754,0.9935575938432277,0.009227346515969665
1350.4272118024367,0.9939122165437685,0.009270747341516132
1350.4480452860123,0.9936807680010298,0.009536008483503841
1350.4688787692908,0.9943844994178447,0.009223709818595726
1350.4897122522596,0.9940484763671329,0.00942207315020775
1350.5105457349357,0.9926819292130709,0.009601512589496703
1350.5313792172979,0.9937262599113095,0.009444089324130217
1350.5522126993633,0.9946209047696013,0.009526709862074668
1350.5730461811092,0.9943296035317534,0.00890877618133883
1350.5938796625542,0.9922501977085209,0.009492172125337742
1350.614713143675,0.9930988386070645,0.009638315095855722
1350.63554662449,0.9929837296016538,0.009100606523656352
1350.6563801049758,0.995011279812239,0.009299361834626044
1350.6772135851506,0.9930684179643238,0.00949920597714482
1350.6980470649914,0.9934321731129732,0.009861743329727647
1350.7188805445162,0.992602296924151,0.009724049692030555
1350.739714023702,0.9924696137786433,0.009321922424323054
1350.7605475025662,0.9932995904778174,0.00943982110445781
1350.7813809810864,0.9939115404467538,0.009178261989736983
1350.8022144592796,0.9936497273838519,0.009128981473825466
1350.8230479371236,0.9938967968090515,0.009215761348287417
1350.843881414636,0.9931422785292718,0.00931549831818346
1350.864714891793,0.9929443357583528,0.009622156835667325
1350.8855483686123,0.9932557789359199,0.009372335325045616
1350.9272153211875,0.993963290450056,0.008987672915385415
1350.948048796947,0.9948001734662588,0.008877592045773078
1350.968882272338,0.9930250729509053,0.009297227724789841
1350.9897157473772,0.9931427751043619,0.009257833799344
1351.0105492220414,0.9952635167482606,0.008904660398083294
1351.0313826963481,0.9947316355420008,0.008870623523858945
1351.0730496438366,0.9936118894541842,0.008758452097672368
1351.0938831170124,0.992846381930518,0.009157726626721268
1351.1147165898185,0.9932498558384633,0.009123145336722378
1351.156383534269,0.9934541020222086,0.009283965756522005
1351.177217005907,0.9923025120225467,0.009391433430416542
1351.1980504771632,0.9939765569366005,0.00880285464824399
1351.2188839480139,0.9944918269517594,0.009344635450436935
1351.239717418476,0.9942503308965506,0.008957229185273042
1351.2605508885263,0.9929062695599243,0.009094160640885777
1351.2813843581816,0.9928555884587481,0.009400318295857062
1351.3022178274189,0.9944930649780459,0.008916964194587935
1351.3230512962539,0.9871107265513891,0.009012367614918628
1351.3438847646646,0.9608061608324344,0.00876537706632454
1351.4272186340918,0.9310510557619066,0.008667599993216845
1351.4480521003695,0.9319393344577865,0.00882489259879744
1351.46888556623,0.9332296708411414,0.008794666634994883
1351.489719031642,0.9372050201641305,0.008832862845736731
1351.510552496622,0.9516050071907644,0.008744645713629989
1351.531385961147,0.979738769612598,0.00902739349029598
1351.5522194252335,0.9931750498366656,0.009055507120893314
1351.573052888858,0.9950829683721615,0.008812719462078688
1351.5938863520373,0.9948010064811061,0.008644494987745294
1351.614719814748,0.993885062156258,0.009382374351928168
1351.6355532770067,0.9946204443581989,0.008741466325506667
1351.6980536609574,0.9937817542126532,0.008860475613821488
1351.7397205812247,0.9945210167185518,0.008802549775410248
1351.760554040642,0.9941358017595929,0.008625592872053205
1351.8022209580108,0.9953451494180736,0.008806034036367314
1351.8230544159555,0.9944340099085273,0.00888033590127677
1351.8438878734164,0.9934588375221846,0.008803007084660863
1351.8647213303711,0.9937316446503596,0.008871559918991157
1351.8855547868363,0.9944072325487469,0.00904592540326138
1351.9063882427902,0.9937884271276419,0.009029810696334946
1351.9272216982495,0.9941522416691563,0.00872953273172871
1351.9480551532015,0.9944672968088697,0.008692795555262636
1351.9688886076349,0.9943040257428507,0.008461179308141603
1351.9897220615571,0.9951043672722825,0.008578381136084947
1352.0313889678798,0.9950187625031224,0.008523264483070342
1352.052222420257,0.9952144066559104,0.008448396425755364
1352.0730558721264,0.9963549023700123,0.008398353727759489
1352.0938893234663,0.9945227471251896,0.008513552105652519
1352.114722774296,0.9945521766706663,0.009041678960219955
1352.1563896743835,0.9940629434786273,0.008783495223301288
1352.2397234683085,0.9943381982829408,0.008780598931380725
1352.2605569154875,0.9952604828537254,0.008403906768659816
1352.2813903621602,0.9948775422038898,0.008886825337309306
1352.3022238083101,0.9957936491080489,0.00855832485895083
1352.3230572539592,0.9958860209544357,0.008566883074926626
1352.343890699102,0.9955791956029054,0.008514205404581969
1352.3647241437322,0.9952053494342371,0.008609434611864806
1352.3855575878742,0.9954888636932067,0.008632626723860283
1352.4063910315144,0.9959911813920967,0.00819286943781646
1352.427224474679,0.9960399477973069,0.008467842957221994
1352.4480579173546,0.9953199528276765,0.00857359027726898
1352.4688913595692,0.9951410423544612,0.00872718085558269
1352.4897248013126,0.9949179552358963,0.008686785205111696
1352.510558242614,0.9949266038031426,0.008562440642206365
1352.5313916834646,0.9958058484853306,0.008469563311069546
1352.552225123897,0.9943068240287711,0.008611111412450396
1352.573058563904,0.996493867191267,0.008625331552481425
1352.5938920035208,0.9960275530097097,0.008504732570104942
1352.6147254427528,0.995771502605081,0.008458609665685768
1352.6355588816084,0.9956892754764919,0.008346982655273732
1352.6563923201265,0.9953539690704303,0.008497872931345716
1352.6772257583075,0.9951816597228889,0.008716967615652289
1352.6980591961935,0.9948835312142796,0.008676593741812273
1352.7188926337897,0.9954489797134322,0.008271134649564579
1352.739726071142,0.996086569788745,0.008085946179696466
1352.7605595082578,0.9953135087344873,0.008535263406741243
1352.7813929451886,0.9965932699064189,0.008436702374918208
1352.8022263819464,0.9954908629871919,0.008407412806247863
1352.8230598185858,0.994396099975045,0.00874033394069562
1352.8438932551246,0.9947333768188037,0.008429755629635056
1352.8647266916223,0.9953327572576147,0.00855767156002138
1352.8855601281011,0.9957906444887505,0.008555624556709104
1352.906393564626,0.9948619484051666,0.008683823583298188
1352.9272270012248,0.9961719802125933,0.008305215077050891
1352.9480604379678,0.9950841313488953,0.00866008705552817
1352.968893874888,0.9952263481708159,0.008142783186558622
1352.9897273120619,0.9957864327998973,0.008311051214153977
1353.0105607495384,0.9955224555366671,0.008311247203832813
1353.031394187369,0.9959770825110377,0.008290537627769247
1353.0522276256384,0.9956448286027388,0.008450770078532366
1353.0730610643936,0.9948489918191616,0.008393323326002724
1353.0938945037246,0.9953880565280314,0.008521805448794571
1353.114727943684,0.9951894981843418,0.009034166022531279
