1325.6562036438204,0.986514290482124
1325.6770370958309,0.9853331490133004
1325.7187040027045,0.9860680348522108
1325.7603709131938,0.9839679893915361
1325.7812043697056,0.9867165187702392
1325.8645382035627,0.9841325876057649
1325.885371663832,0.9866624442893354
1326.0103724387789,0.9884244803725425
1326.0728728338368,0.9884991835041059
1326.093706299857,0.9861992634418597
1326.1145397663347,0.9886712326351773
1326.156206700637,0.9858665571684966
1326.1770401684207,0.9867493533115146
1326.1978736366195,0.9883385129982016
1326.218707105199,0.9854851340374966
1326.2395405741552,0.9868759885248567
1326.2603740434847,0.987532554361938
1326.281207513155,0.9882993248679303
1326.3020409834369,0.986733777156717
1326.3228744540063,0.9884037153891441
1326.364541395629,0.9863012457178728
1326.38537486688,0.9870244121527907
1326.406208338414,0.9876587774964795
1326.4270418102308,0.9895006807312079
1326.4478752823009,0.9873498844086375
1326.4895422272036,0.9901352049036029
1326.510375700009,0.9902031259851568
1326.5312091730525,0.9905164885774467
1326.5520426463056,0.9893255021602444
1326.572876119771,0.9892188129475818
1326.593709593451,0.9887634148460129
1326.614543067318,0.9879951110242344
1326.6562100156257,0.9907098578498877
1326.6978769646312,0.9889424386813462
1326.718710439393,0.9895991400060136
1326.7395439143029,0.9911376998577329
1326.7603773893757,0.9869717367789386
1326.781210864585,0.990328258432613
1326.8020443399355,0.9903488624189569
1326.8853782426704,0.9895058107095052
1326.927045194757,0.9894454562543916
1326.9478786709594,0.9871057078388102
1327.010379100182,0.9879617177956981
1327.031212576775,0.9895645344481716
1327.0520460534665,0.9873275990243199
1327.0728795302318,0.9909579668686782
1327.093713007088,0.9875098158616896
1327.1145464840122,0.9892011793703578
1327.218713869701,0.9909751012241327
1327.239547347024,0.9873832418992212
1327.2603808244128,0.9892701261311497
1327.281214301845,0.986863679800632
1327.302047779328,0.9863836502870726
1327.3228812568698,0.985836158919259
1327.343714734447,0.985762945660614
1327.3645482120678,0.9849163559189306
1327.3853816897397,0.9874257106908267
1327.40621516744,0.9867059782167221
1327.4270486451771,0.9875784001878707
1327.4478821229588,0.9879193350723691
1327.4895490786062,0.9890065387052424
1327.5103825564684,0.9894189593538876
1327.5312160343567,0.9909383300701964
1327.5520495122794,0.9908383266017632
1327.5728829902146,0.990650145722598
1327.593716468181,0.9903589733355163
1327.6145499461554,0.9909723246320699
1327.656216902165,0.989665293339354
1327.6770503801868,0.9916003828948449
1327.6978838582206,0.9920754163222756
1327.7187173362754,0.9912938089049652
1327.7395508143295,0.9923408252579786
1327.760384292391,0.9911678713756452
1327.802051248543,0.9921879123904093
1327.8228847266296,0.9894872818902949
1327.864551682789,0.9924856095531108
1327.885385160879,0.9891442058663449
1327.9062186389574,0.9884563257835693
1327.9270521170329,0.9887905692284483
1327.9478855951145,0.9899149634517312
1327.9687190731809,0.9893074450393858
1327.989552551251,0.9877790470655969
1328.0103860293043,0.9880158239649647
1328.0312195073589,0.9871798615973902
1328.052052985394,0.9881323375725923
1328.0728864634186,0.9893965173796306
1328.0937199414416,0.9882477076208794
1328.1145534194422,0.991239840908724
1328.135386897429,0.990359592031511
1328.1562203754015,0.9895489063365692
1328.177053853369,0.9914431408084806
1328.19788733131,0.9900041973676552
1328.218720809244,0.9922376529332373
1328.23955428715,0.9906110469382458
1328.260387765047,0.9907136062291122
1328.2812212429144,0.9905000352714581
1328.302054720761,0.9895821130294604
1328.3228881985965,0.9898603836337642
1328.3437216763998,0.9893729583501788
1328.3645551541804,0.9889049675611179
1328.385388631947,0.988864777528238
1328.4062221096797,0.9895772408462213
1328.427055587397,0.9899715019340363
1328.4478890650787,0.9885214668688358
1328.4687225427338,0.9907866370764344
1328.5103894979711,0.9909913615273915
1328.531222975543,0.9933043201132941
1328.5520564530957,0.992943020135205
1328.572889930608,0.9949090256565587
1328.5937234080902,0.996044452870368
1328.614556885551,0.9947347555027656
1328.6353903629704,0.9954611500366431
1328.6562238403676,0.995957923159286
1328.677057317722,0.9957305130810672
1328.697890795043,0.9941411737801219
1328.7187242723398,0.992433188330202
1328.7395577495924,0.9932793723927578
1328.7603912268098,0.988258129100956
1328.7812247040015,0.9932036835885718
1328.8020581811472,0.9909040021508412
1328.8228916582664,0.9906393973953319
1328.8437251353382,0.9948030639988029
1328.8645586123723,0.9927377366389354
1328.885392089379,0.9910697813613902
1328.9062255663364,0.9929306433706906
1328.9270590432648,0.9930789854267091
1328.9478925201438,0.9919010823502941
1328.968725996982,0.9930403281200445
1328.989559473791,0.994435046586486
1329.010392950548,0.9933744289493983
1329.0312264272736,0.9931839677000202
1329.0520599039478,0.994018551158291
1329.0728933805797,0.9924327134840816
1329.0937268571688,0.9927090082411226
1329.1145603337245,0.9948546314263652
1329.1353938102268,0.9967520973035393
1329.156227286695,0.9961989587495217
1329.1770607631088,0.9963000991949924
1329.2187277158123,0.9987811895569209
1329.2395611920908,0.9965502418678513
1329.260394668333,0.9950966626814627
1329.2812281445192,0.9970971493271047
1329.3020616206584,0.9965816806958022
1329.3228950967607,0.9967412318879304
1329.3437285728055,0.995278911711877
1329.3645620488126,0.9945446557992632
1329.3853955247612,0.9960588271617092
1329.4062290006614,0.9950122322854343
1329.4270624765225,0.9973254323851397
1329.4478959523244,0.9945310121102137
1329.4895629037887,0.9936365951381113
1329.5103963794406,0.9991439188575445
1329.5312298550425,0.9948292293588541
1329.5520633306023,0.9970169594446571
1329.5728968061012,0.99626209503709
1329.5937302815582,0.9973211325547319
1329.6145637569537,0.9971249550290153
1329.6353972323063,0.9967982293690139
1329.6562307075965,0.9985348951845416
1329.6770641828336,0.9967440698464259
1329.6978976580274,0.99755275194382
1329.718731133163,0.9965394108849115
1329.739564608244,0.9969684295924871
1329.760398083276,0.995944975138741
1329.7812315582432,0.9951273473569917
1329.8020650331655,0.9966753286220051
1329.8228985080225,0.9946241082842125
1329.843731982824,0.9956344691372293
1329.8645654575798,0.9944811315121012
1329.8853989322697,0.9957847924052433
1329.9062324069027,0.9961740996699598
1329.9270658814892,0.9982564484874843
1329.9478993560083,0.9973871325775954
1329.9687328304808,0.9959630146389812
1330.0312332535298,0.9973772730010365
1330.05206672776,0.9955146669647562
1330.0937336760524,0.9951669581048723
1330.114567150105,0.996758476367404
1330.1562340980402,0.9966588525851717
1330.1770675719129,0.9941737100609472
1330.1979010457344,0.9946520736677024
1330.2187345194857,0.9974254659994153
1330.2395679931851,0.9956304806286028
1330.260401466814,0.995832156027004
1330.2812349403807,0.9963625294230819
1330.3020684138953,0.9972117556678795
1330.3229018873378,0.9973107565695892
1330.3645688340443,0.9972961660561077
1330.3854023072984,0.996049801736406
1330.4062357804987,0.9969340057009206
1330.4270692536254,0.9962625001489931
1330.4479027266882,0.9979058921279518
1330.4687361996964,0.9959405659914062
1330.4895696726298,0.996051368777546
1330.510403145509,0.9945255206997398
1330.5312366183125,0.9940371167474564
1330.5520700910508,0.9963408995267685
1330.5729035637332,0.9976159531739038
1330.59373703634,0.9958109688868532
1330.61457050889,0.9973803317254012
1330.6354039813637,0.9985718290882075
1330.65623745377,0.9983421789580668
1330.6770709261198,0.9971683794739721
1330.6979043983918,0.9960387393224713
1330.718737870606,0.9980437152507358
1330.7395713427425,0.9976744155119334
1330.7604048148105,0.9963280997912002
1330.78123828682,0.9940927682086347
1330.8020717587503,0.9932181527498964
1330.8229052306112,0.9988873646095567
1330.843738702413,0.99723149014977
1330.864572174135,0.9960647174498258
1330.8854056457967,0.9984246017473415
1330.9062391173784,0.9965830101031088
1330.9270725888891,0.9979545384099062
1330.947906060339,0.9998693407218754
1330.9687395317076,0.997727323043724
1330.9895730030044,0.9973507384437812
1331.0104064742395,0.9983024923497176
1331.0312399453924,0.9965088619134291
1331.052073416483,0.9968614179720695
1331.0729068874907,0.9956688991565082
1331.093740358435,0.9981046192517926
1331.1145738292964,0.9976085218593066
1331.135407300084,0.9950950184620251
1331.1562407708077,0.9981111129991326
1331.1770742414467,0.9980847081581029
1331.197907712011,0.9933232689076532
1331.2187411825112,0.9972121287245355
1331.2395746529255,0.9975213341540042
1331.2604081232746,0.9963094728283153
1331.2812415935375,0.9960126246816337
1331.3020750637245,0.9964282736204857
1331.322908533845,0.9978926578223603
1331.3437420038783,0.9981297602145774
1331.364575473845,0.9969810395565784
1331.385408943724,0.9961965334943125
1331.4062424135252,0.9971447495020453
1331.4270758832583,0.9933938740025767
1331.4479093529033,0.9959230201702822
1331.4687428224693,0.9957412847307051
1331.4895762919657,0.9964593220959829
1331.5104097613732,0.9955294226233651
1331.5312432307107,0.9957183262710485
1331.5520766999582,0.9963884142433237
1331.5729101691256,0.9968146963722311
1331.593743638222,0.9973089310498093
1331.6145771072274,0.9971163217054849
1331.6354105761611,0.9990444662680187
1331.6562440450032,0.9949515567661924
1331.677077513763,0.9970779643530232
1331.6979109824504,0.995598670586963
1331.718744451045,0.9963680688065387
1331.7395779195565,0.9981230869893389
1331.7604113879945,0.99433392321506
1331.7812448563384,0.9985064844425556
1331.802078324608,0.9979367203569055
1331.822911792783,0.9957369121387956
1331.8437452608832,0.9973156162936663
1331.864578728888,0.9970043518869617
1331.8854121968072,0.9976159652991796
1331.90624566465,0.9973576963789645
1331.9270791323966,0.9964786432784237
1331.9479126000665,0.9955218550460879
1331.9687460676391,0.9949458015084398
1331.989579535124,0.9982302183409872
1332.0104130025309,0.9974201908657735
1332.0312464698393,0.9970292504867173
1332.0520799370693,0.9972410538320678
1332.0729134042,0.9970420719973082
1332.0937468712416,0.9978346580135266
1332.1145803382028,0.9963414505698037
1332.135413805064,0.9978576115823431
1332.156247271835,0.9984464561723974
1332.1770807385242,0.9985606765168662
1332.1979142051116,0.9977326287585578
1332.2187476716178,0.9961150291963172
1332.2395811380215,0.9981162721371364
1332.2604146043325,0.9955477370297983
1332.2812480705602,0.9977003676673285
1332.302081536685,0.9978355502843296
1332.322915002725,0.9987079127153331
1332.343748468661,0.9956496209835026
1332.364581934502,0.9969787560315043
1332.385415400258,0.998074359663949
1332.427082331472,0.996386634606022
1332.4479157969297,0.9953917176245968
1332.4687492622902,0.9960329837771139
1332.4895827275634,0.9965978858454909
1332.5104161927286,0.9968026910743618
1332.5312496578056,0.9965800796158842
1332.5520831227734,0.996653156774368
1332.5729165876423,1.0004509070113066
1332.5937500524217,0.9957570026648176
1332.614583517091,0.997851057907398
1332.635416981659,0.9979021514354869
1332.6562504461365,0.9983254760032839
1332.6770839105022,0.9966042343454339
1332.697917374776,0.997077880648739
1332.7187508389368,0.9997473573156245
1332.7395843030051,0.9985701673961831
1332.7604177669598,0.9978455973542038
1332.7812512308103,0.9956916747719524
1332.8229181582078,0.9981289277952844
1332.8645850851833,0.9966012789899705
1332.8854185485063,0.9929065260751887
1332.9062520117322,0.994470134814437
1332.9270854748409,0.9916235029733725
1332.9479189378417,0.9937388349334141
1332.9687524007436,0.9938390106704218
1332.9895858635266,0.9951787275496687
1333.0104193262096,0.9937268449303059
1333.031252788773,0.9925518686838225
1333.0520862512249,0.9896151354411826
1333.072919713576,0.9924893675330565
1333.0937531758052,0.9948040645165013
1333.114586637932,0.9918762636391796
1333.135420099936,0.9918208592013863
1333.1562535618264,0.9922241056078123
1333.1770870236128,0.9945510201653112
1333.1979204852744,0.9915370580621709
1333.218753946831,0.9934372868711863
1333.2395874082613,0.9935959975413996
1333.2604208695857,0.9926631971902822
1333.2812543307737,0.992311171343671
1333.302087791845,0.9920931479924533
1333.3229212528165,0.9919811985514722
1333.3437547136589,0.993390850209536
1333.364588174382,0.991220007021973
1333.3854216349948,0.9922079462627562
1333.4062550954773,0.9943332131930981
1333.4270885558485,0.9927618283348276
1333.4479220160877,0.9916504872487484
1333.4687554762145,0.991547795147037
1333.4895889362083,0.9939003635124847
1333.510422396078,0.9930525720126132
1333.531255855833,0.9924646102860474
1333.5520893154537,0.9942691093544472
1333.5729227749475,0.9920451673422522
1333.5937562343256,0.9931628633104291
1333.6145896935664,0.9899034190115626
1333.635423152689,0.9925029597463737
1333.6562566116738,0.9920365029044397
1333.6770900705292,0.9914104899614101
1333.6979235292647,0.9914959508959699
1333.7187569878597,0.9903212057781173
1333.7395904463328,0.9920663308420339
1333.7604239046643,0.9954102535035836
1333.781257362863,0.9922034923634931
1333.8020908209385,0.9912909315337421
1333.8229242788696,0.9910043000925678
1333.8437577366758,0.99097158628502
1333.8645911943363,0.9924469727545703
1333.8854246518704,0.9915226309296324
1333.9062581092574,0.9916353994426252
1333.927091566506,0.9933094619362626
1333.947925023626,0.9940228736981988
1333.9687584805968,0.9929849815757
1333.9895919374271,0.9915577159933252
1334.0104253941263,0.9921396530229815
1334.031258850674,0.99476232686541
1334.0520923070883,0.9916704058912714
1334.07292576335,0.993029862287581
1334.0937592194766,0.9908546638958786
1334.1145926754484,0.9913998667158027
1334.135426131274,0.9910775079477483
1334.1562595869625,0.9922739206147795
1334.1770930424937,0.990121618934031
1334.1979264978866,0.9900839135751581
1334.2187599531196,0.9919558306595351
1334.2395934082026,0.9925518918971789
1334.260426863144,0.992706088159748
1334.2812603179234,0.9904194781536071
1334.30209377256,0.9916360026519447
1334.3229272270328,0.9914692049002977
1334.343760681351,0.9926103895119662
1334.364594135523,0.9906960653294145
1334.3854275895285,0.99117618652567
1334.4062610433864,0.9912501913467231
1334.4270944970758,0.991990671289615
1334.4479279506056,0.9922800134750224
1334.468761403985,0.9901517407253604
1334.489594857193,0.992965996069965
1334.5104283102485,0.9933217124161511
1334.5312617631305,0.9916100941021833
1334.552095215858,0.993181556035582
1334.5729286684104,0.9940746981395159
1334.593762120796,0.9928445179464827
1334.6145955730242,0.9917275169385362
1334.6354290250736,0.9915368261315621
1334.6562624769538,0.9901408466642517
1334.677095928673,0.9937252154575014
1334.6979293802108,0.9914181229326131
1334.7187628315855,0.990720237648441
1334.7395962827763,0.9892451011196792
1334.760429733792,0.9902667744366918
1334.7812631846418,0.9903516022092156
1334.802096635304,0.9894746003980943
1334.8229300857984,0.9894378191781081
1334.8437635361026,0.9854541288351089
1334.8645969862362,0.9880532793524137
1334.885430436178,0.9846923275770846
1334.9062638859368,0.982562542361176
1334.9270973355217,0.9838532261260426
1334.9479307849103,0.9821826887224547
1334.9687642341223,0.9816408792358792
1335.0312645806068,0.9808215732168996
1335.0520980290498,0.9802115927406625
1335.07293147731,0.9796634662504207
1335.0937649253658,0.9790713007163159
1335.114598373236,0.9792952659023403
1335.1354318208994,0.9783239035363014
1335.1562652683642,0.9786489668107522
1335.17709871564,0.9785694814832638
1335.1979321627043,0.9777035634019431
1335.2187656095768,0.9781489013802293
1335.2395990562354,0.9756566866953498
1335.260432502689,0.9747748359529387
1335.281265948946,0.9773392063777187
1335.4062666220295,0.976302938182134
1335.4271000668,0.9763805044668411
1335.4479335113422,0.9775443324028411
1335.4687669556645,0.9772062377627917
1335.4896003997749,0.9734996001911799
1335.5104338436522,0.9759402943808322
1335.5312672873151,0.9748174919290167
1335.5521007307416,0.9752425809096368
1335.57293417395,0.9747741559357601
1335.5937676169187,0.9752010043360302
1335.6146010596565,0.9776419659081965
1335.6354345021712,0.9724546426565772
1335.656267944441,0.975740468601056
1335.6771013864843,0.9750881919091716
1335.6979348282796,0.9752029102259
1335.718768269835,0.9748027520757633
1335.739601711159,0.9756378892003063
1335.7604351522289,0.9741937379844207
1335.7812685930635,0.9741292984020681
1335.8021020336414,0.9756718732736014
1335.82293547397,0.9769151438900316
1335.8437689140578,0.975820329932486
1335.864602353883,0.9767802111901306
1335.8854357934629,0.9732066912674743
1335.9062692327764,0.974095737255075
1335.927102671831,0.9741738746340709
1335.9479361106355,0.9747463048910231
1335.9687695491675,0.97518405039622
1335.9896029874446,0.9762183743495679
1336.0104364254453,0.9743895384247432
1336.031269863187,0.9743863240037298
1336.0521033006476,0.9731333686049681
1336.0729367378358,0.9747934324580143
1336.0937701747584,0.972988886820622
1336.1146036113942,0.9743008766292256
1336.135437047761,0.9752994466034406
1336.1562704838352,0.9755965330325495
1336.177103919626,0.9750430503317804
1336.1979373551403,0.9742079445358152
1336.218770790357,0.9751538589943053
1336.2396042252926,0.9738248328061838
1336.2604376599256,0.9756098870172458
1336.2812710942728,0.9750215047050699
1336.3021045283126,0.9764403506690887
1336.3229379620525,0.9740673349051174
1336.3437713955,0.9743128761592198
1336.3646048286323,0.9744716492251783
1336.385438261467,0.9750856824295693
1336.406271693982,0.9744832926724404
1336.4271051261846,0.9741458639023133
1336.447938558082,0.9749413315012304
1336.4687719896526,0.9746075693155001
1336.4896054209128,0.9745924358228076
1336.5104388518405,0.971726550983722
1336.531272282452,0.9731660723443967
1336.5521057127262,0.9755582769402954
1336.5729391426694,0.9766218766215666
1336.5937725722893,0.9739019027114514
1336.614606001563,0.9749444377638528
1336.635439430508,0.9758666000699482
1336.656272859101,0.9746517042263056
1336.6771062873595,0.9744289888188251
1336.7396065700195,0.9358432778845395
1336.760439996861,0.9178598504477901
1336.7812734233537,0.9133506004969172
1336.8021068494747,0.91278115202427
1336.8229402752306,0.9120741756402936
1336.8437737006288,0.9126837859607753
1336.8646071256462,0.914918329868297
1336.885440550299,0.9175948216203528
1336.9062739745657,0.9386729182084285
1336.9271073984614,0.9674585588248997
1336.9479408219645,0.9734646358901485
1336.9687742450908,0.9756942466868007
1336.9896076678183,0.9745905571794008
1337.010441090153,0.9723231022278062
1337.0312745121018,0.974247670415124
1337.052107933642,0.9738141501655256
1337.0937747755231,0.9752439043583723
1337.1146081958475,0.9748140519081149
1337.1354416157703,0.9748358464031904
1337.1562750352684,0.9741113839813532
1337.177108454359,0.9743021377273684
1337.1979418730182,0.9769691859718069
1337.2187752912628,0.9736576459913044
1337.23960870907,0.9764697991768625
1337.2604421264468,0.9749225321941284
1337.2812755434002,0.97622511176423
1337.302108959906,0.9769198631289734
1337.3229423759822,0.976044337468593
1337.3437757916054,0.9741390530022296
1337.3646092067925,0.9752152047878647
1337.3854426215207,0.9760889595063119
1337.4062760357967,0.9754028493431395
1337.4271094496237,0.9761195708521562
1337.4479428629832,0.974707309851052
1337.4896096883351,0.9744001830848201
1337.5104431003087,0.9752330917607671
1337.531276511824,0.9728319107640377
1337.5521099228586,0.9749988282376778
1337.57294333343,0.9755541993923618
1337.5937767435162,0.9748128460472937
1337.635443562264,0.9761199900230306
1337.6562769709224,0.9769480932022786
1337.6771103790877,0.9777333734158543
1337.697943786769,0.9753900996847963
1337.7187771939743,0.9762331393530181
1337.7396106006834,0.9753156294486678
1337.7604440069051,0.9749253668815397
1337.8854444340195,0.9750195223239805
1337.9271112391689,0.9751508677445976
1337.9479446410164,0.9761336165391234
1337.968778042396,0.9751399872101052
1337.9896114432909,0.975768082323392
1338.0104448437246,0.9770557076705354
1338.0312782436822,0.9739070985268533
1338.0521116431885,0.9771712154139973
1338.072945042229,0.9752225800060282
1338.0937784408209,0.9749122708993999
1338.114611838981,0.9764611013782982
1338.1354452366977,0.9736642475220266
1338.1562786339996,0.9762826661306694
1338.177112030877,0.9740556162914785
1338.1979454273503,0.9753535570239844
1338.2187788234428,0.9772885485728141
1338.2396122191467,0.9769120756919824
1338.2604456144966,0.973806583994495
1338.2812790094883,0.9780805168442129
1338.3021124041588,0.9751651281370995
1338.322945798507,0.9751571460027524
1338.3437791925617,0.9774745648308343
1338.3646125863554,0.9776110950776268
1338.385445979891,0.9746291430051334
1338.406279373214,0.9765571638665282
1340.6354590494952,0.9915612293714421
1340.6562925695391,0.9920287543455565
1340.677126089989,0.9916556910166636
1340.6979596108413,0.9903601638562781
1340.7187931320625,0.9905311623702927
1340.7396266536596,0.9897128433334323
1340.7604601755993,0.9917649874444963
1340.7812936978798,0.9901699640639566
1340.8021272204994,0.9898118891145025
1340.8229607434262,0.9926920021850106
1340.8437942666694,0.9906318564533513
1340.8646277901985,0.9911213633491466
1340.8854613140225,0.990942021243485
1340.9062948381118,0.9921602954744707
1340.9271283624769,0.989029971829889
1340.9479618870878,0.9911791192279145
1340.9687954119456,0.9912109251779672
1340.9896289370522,0.9901649830095791
1341.0104624623784,0.9929805035354474
1341.031295987936,0.9923939138677333
1341.0521295136975,0.992423206167248
1341.072963039675,0.9899334705774117
1341.1146300922076,0.9916506265179718
1341.1354636187489,0.9924989390835558
1341.1771306723667,0.9919056876782074
1341.1979641994203,0.99253875623327
1341.218797726643,0.992875356131518
1341.2396312540077,0.9909544132198318
1341.2604647815288,0.9918858209387236
1341.281298309181,0.9912096862375768
1341.3021318369786,0.9912957298231415
1341.3229653648966,0.99061858867959
1341.3437988929493,0.9918839431499797
1341.3646324211122,0.9925084563155114
1341.385465949391,0.9903250309684769
1341.4062994777892,0.9936472359228012
1341.427133006284,0.9939653892705198
1341.4479665348906,0.9933904933806091
1341.4688000635845,0.9915626732594383
1341.4896335923816,0.9917327510176903
1341.5104671212578,0.9914761384102613
1341.531300650229,0.988555499856819
1341.552134179272,0.9907471023581677
1341.5729677084023,0.9924091457027044
1341.5938012375968,0.9915118914549503
1341.614634766862,0.9897803382983096
1341.6354682962049,0.992020974286415
1341.6563018256013,0.9924533154210088
1341.677135355068,0.9892200985332392
1341.7188024141622,0.9925609462484027
1341.7396359437828,0.9926235499472238
1341.760469473462,0.9929062137890053
1341.7813030031775,0.9898458408881254
1341.8021365329362,0.9928291582596874
1341.8229700627453,0.9917192670413009
1341.8438035925822,0.9928241649086909
1341.8646371224647,0.9934905165875952
1341.8854706523705,0.9934222409074748
1341.9063041823165,0.9926344004347872
1341.9271377122805,0.9932751267503166
1341.9479712422708,0.9919213007839651
1341.968804772295,0.9917493826794416
1341.9896383023308,0.9910828913406218
1342.0104718323964,0.9904863092620932
1342.052138892568,0.991734288464843
1342.1146394829177,0.9939585192570367
1342.2813077240978,0.9927849641562096
1342.3021412542344,0.9920165021972879
1342.3229747843752,0.990866559340635
1342.343808314498,0.9928673218252578
1342.3646418446222,0.9921902588042176
1342.3854753747255,0.9925649896435942
1342.4063089048177,0.9924522234130527
1342.4271424349065,0.9936828154600745
1342.4479759649707,0.9955196945981812
1342.4688094950295,0.9946273324094286
1342.489643025062,0.9939318009114018
1342.5104765550866,0.9958798375951317
1342.531310085082,0.9929244767736992
1342.5521436150668,0.9948096163184258
1342.5729771450208,0.9949054777581586
1342.5938106749625,0.9938547155722482
1342.6146442048707,0.9925673916497956
1342.6354777347642,0.9940171350630941
1342.6563112646224,0.9926462306656187
1342.6771447944543,0.9910441335799782
1342.697978324269,0.994133663924519
1342.7188118540446,0.9965950961482557
1342.7396453838014,0.9946688331478889
1342.7604789135178,0.9942102913325306
1342.7813124432132,0.99286224209063
1342.8021459728666,0.994932511235023
1342.8229795024968,0.9967744238357326
1342.8438130320835,0.9964543268516607
1342.864646561636,0.9957321924472936
1342.885480091163,0.9968366315700222
1342.9063136206437,0.9965319552146609
1342.9271471500974,0.99510217885337
1342.9479806795036,0.9948350879947838
1342.9688142088814,0.9970198665236433
1342.98964773821,0.9941303947747585
1343.0104812675088,0.994768714733251
1343.0313147967568,0.9947581495650071
1343.0521483259736,0.9954280089609252
1343.072981855138,0.9947236500731356
1343.0938153842703,0.9952796350137324
1343.114648913349,0.9954787119906585
1343.1354824423838,0.9941744289658344
1343.156315971384,0.9982589072273572
1343.1771495003288,0.9966817458787773
1343.1979830292378,0.9965623729228099
1343.2188165580903,0.9963718553372142
1343.2396500869056,0.9949870141534625
1343.2604836156631,0.9975098308335945
1343.281317144383,0.9968745019221265
1343.3021506730431,0.9977689577528008
1343.3229842016644,0.9931032579987205
1343.3438177302255,0.993546969618218
1343.3646512587368,0.9916165236090236
1343.3854847872062,0.9925771260610262
1343.4063183156145,0.9901374948659053
1343.4271518439805,0.993044808047823
1343.447985372284,0.9936510736918838
1343.4688189005442,0.9931209486741129
1343.489652428741,0.9926209992317658
1343.5313194849816,0.9916069833354686
1343.572986541002,0.9945155422613673
1343.6146535967985,0.997871526690699
1343.6354871246165,0.9996131913463528
1343.656320652367,0.9972160508227074
1343.677154180073,0.9975332447775378
1343.6979877077108,0.9957491977558255
1343.718821235297,0.9987814518854101
1343.7396547628134,0.9980224515510125
1343.7604882902706,0.9986360770758022
1343.7813218176773,0.9961966670058439
1343.802155345014,0.995867337525103
1343.8229888723,0.9972176284478002
1343.8438223995145,0.9996314248009031
1343.8646559266774,0.9974395315327904
1343.8854894537683,0.9994043878062071
1343.9063229808069,0.9967230405560604
1343.927156507773,0.9984472468533153
1343.9479900346753,0.9979228875877029
1343.9896570882993,0.9962425271519084
1344.01049061502,0.9965898343752014
1344.0313241416657,0.9975086737724449
1344.0521576682563,0.9963660410790788
1344.072991194772,0.9979575599533062
1344.0938247212312,0.9963476498626805
1344.1146582476144,0.9958499605412487
1344.1354917739416,0.9961099245497215
1344.1563253001916,0.9979172457143461
1344.177158826384,0.9983350759704447
1344.197992352499,0.9958900115200154
1344.2188258785563,0.9981951398583266
1344.239659404535,0.9949322356517586
1344.302159982078,0.9966848540272363
1344.3229935077802,0.9969561045158649
1344.3438270334225,0.9974494617509406
1344.364660558984,0.9954334076580965
1344.385494084475,0.9961041393717467
1344.4063276099052,0.9978162058533007
1344.4271611352538,0.9950657077762541
1344.4479946605406,0.9974536514007316
1344.4688281857457,0.9990958621220062
1344.4896617108884,0.996349654536697
1344.5104952359484,0.9985624531898913
1344.5521622858591,0.9985444941588637
1344.5729958107092,0.998322485085039
1344.5938293354754,0.9993461066987416
1344.6146628601773,1.0016437891968424
1344.6354963847944,0.9997254126199762
1344.739664006771,1.001339269387751
1344.760497530944,0.9993845231233296
1344.78133105503,1.0016842682472487
1344.8021645790493,0.9991847651656713
1344.8229981029806,0.9981053531163709
1344.8438316268446,1.0011802176872433
1344.8646651506206,0.9998091632138284
1344.885498674328,1.0009127464055776
1344.9063321979468,0.9972672084569396
1344.9271657214863,1.0002457275002055
1344.9479992449571,0.9996186317192899
1344.9688327683382,1.0013121428377392
1344.9896662916487,0.9970997875473981
1345.0104998148695,0.997333419870653
1345.0313333380193,0.9970327525394436
1345.0521668610786,0.9981948475541024
1345.0730003840667,0.9959593163774996
1345.0938339069633,1.0006806373865609
1345.1146674297877,0.9987214604760581
1345.1355009525205,0.9989859358260031
1345.1563344751803,0.9973436465495402
1345.177167997748,0.99852007578784
1345.198001520242,1.0003203439827515
1345.2188350426427,1.0001515199241704
1345.23966856497,0.9993639812576175
1345.2605020872031,0.9963129080747531
1345.2813356093618,1.0002182982456376
1345.302169131426,0.9952015328273689
1345.323002653415,0.9967494297201546
1345.3438361753088,0.9980551850061948
1345.364669697117,0.9966593023544997
1345.385503218849,0.9963018758897664
1345.406336740485,0.9991434888771176
1345.427170262044,1.0000053303121264
1345.4480037835067,0.9985411681426314
1345.468837304892,0.9964072812208042
1345.4896708261797,0.9988096804915215
1345.510504347389,0.9969990895789166
1345.531337868501,0.9985357787790582
1345.552171389534,1.0003486271874955
1345.5730049104682,1.0027611180817715
1345.593838431323,1.001102101617143
1345.6146719520782,1.0033133517337134
1345.6355054727535,1.0023975714464808
1345.656338993329,1.0055951805985073
1345.6771725138235,1.0020781484967531
1345.6980060342178,1.000438350376672
1345.7188395545304,1.0036849064071927
1345.7396730747414,1.0009659123769525
1345.7605065948708,1.0008083963810153
1345.7813401148976,1.004625591622748
1345.802173634832,0.9995860730002892
1345.8230071546834,1.0045588893917445
1345.8438406744317,1.0033488292062527
1345.864674194096,1.000949886291932
1345.8855077136566,1.0033878056833827
1345.906341233133,1.0036011734504533
1345.9271747525045,0.9994073553410872
1345.948008271791,1.0010178808885906
1345.9688417909722,1.0017900926645937
1345.9896753100677,0.9985528645949581
1346.0105088290568,0.9996409533292935
1346.0313423479597,0.9982945970971361
1346.0521758667555,0.9974778550789078
1346.0730093854645,1.0009278165298954
1346.0938429040657,1.0030721684997934
1346.114676422579,1.000213236900495
1346.1355099409836,1.0013286459467767
1346.1563434593,1.001342637112575
1346.177176977507,1.0020293359778316
1346.1980104956249,1.0050662873785414
1346.2188440136326,1.0028830801365607
1346.2396775315503,1.0029573133326521
1346.2605110493575,1.0029816550812796
1346.2813445670736,1.0002023979103478
1346.3021780846784,1.0020855231904162
1346.3230116021816,0.9989132366328664
1346.3438451195927,0.9992909588615412
1346.364678636891,0.999126486709688
1346.3855121540962,0.9981552095974864
1346.4063456711883,0.9980491922368399
1346.4271791881863,1.0007832483872605
1346.4480127050808,0.9973833705205
1346.4688462218603,0.9987888283725747
1346.489679738535,1.0010283540793312
1346.510513255114,1.0024237901121587
1346.5313467715775,1.0005656017014473
1346.5521802879448,1.0036260441584237
1346.5730138041956,1.0024525143866636
1346.593847320349,1.004883530624262
1346.6146808363849,0.9966847159188102
1346.6355143523233,1.004679938752897
1346.656347868143,1.0043808638910192
1346.677181383864,1.0016244287689837
1346.6980148994655,1.0051865200718637
1346.73968193035,1.005753817290562
1346.7605154456312,1.0050783132404717
1346.7813489607918,1.0032196069501182
1346.802182475851,1.0028517413525722
1346.823015990788,1.003427554009583
1346.8646830203345,1.0049454408851661
1346.885516534943,1.0035579456750443
1346.906350049428,1.0028399904782155
1346.9271835638087,1.0047166721563021
1346.9480170780646,1.0041310314593908
1346.9688505922152,1.0019677313049589
1346.9896841062405,0.9997993573439127
1347.0105176201491,1.0014182823762692
1347.0313511339516,1.0001719183369076
1347.0730181611714,1.000988122686496
1347.0938516746207,1.0019099131783988
1347.1146851879412,1.0008932497137
1347.406354361753,1.0002276331105537
1347.427187873231,1.0003840646550912
1349.4272042799523,0.9883577463705521
1349.5313717558838,0.9870914828799853
1349.5522052504136,0.9886934058530829
1349.5938722388212,0.9857338175501529
1349.6147057326964,0.985985964555504
1349.7397066911503,0.9849215671720843
1349.7605401834126,0.9846089600375072
1349.7813736754497,0.9854445641865033
1349.80220716724,0.9844835928504879
1349.8230406588025,0.9845967111154144
1349.8438741501143,0.9855821714860362
1349.8647076411953,0.9838941866812289
1349.8855411320228,0.9840577563911124
1349.9063746226154,0.9851529064461008
1349.9272081129511,0.9853738372658939
1349.948041603049,0.9838386565523742
1349.9688750928867,0.9848088159595448
1349.9897085824823,0.9833085174264227
1350.010542071815,0.984772291359579
1350.0313755609022,0.9836753280075428
1350.0522090497225,0.9842205615952364
1350.0730425382935,0.9839639120788229
1350.093876026594,0.9837199170407132
1350.1147095146418,0.9857148093351205
1350.135543002415,0.9841667986752732
1350.156376489932,0.9866155546203172
1350.1772099771706,0.9848813457192068
1350.198043464149,0.9851528547112761
1350.218876950845,0.9855699135202
1350.239710437277,0.9837877121746721
1350.2605439234328,0.9826445139879815
1350.2813774093,0.9848796057418733
1350.3022108948874,0.98449815480051
1350.3230443802022,0.9850874127020702
1350.3438778652226,0.9858605825297819
1350.3647113499662,0.9859771362913896
1350.3855448344111,0.98500347453114
1350.4063783185754,0.984330247327258
1350.427211802437,0.9846414692022523
1350.4480452860123,0.984144759517526
1350.4688787692908,0.9851607895992491
1350.4897122522596,0.9846264032169251
1350.5105457349357,0.983080416623574
1350.531379217298,0.9842821705871794
1350.5522126993633,0.9850941949075266
1350.5730461811092,0.9854208273504146
1350.5938796625542,0.9827580255831831
1350.614713143675,0.9834605235112087
1350.63554662449,0.9838831230779975
1350.6563801049758,0.985711917977613
1350.6772135851506,0.983569211987179
1350.6980470649914,0.9835704297832456
1350.7188805445162,0.9828782472321205
1350.739714023702,0.9831476913543202
1350.7605475025662,0.9838597693733595
1350.7813809810864,0.9847332784570169
1350.8022144592796,0.9845207459100267
1350.8230479371236,0.9846810354607642
1350.843881414636,0.9838267802110885
1350.864714891793,0.9833221789226856
1350.8855483686125,0.9838834436108744
1350.9272153211875,0.9849756175346707
1350.948048796947,0.9859225814204858
1350.968882272338,0.9837278452261154
1350.9897157473772,0.983884941305018
1351.0105492220414,0.9863588563501774
1351.031382696348,0.9858610120181419
1351.0730496438366,0.9848534373565119
1351.0938831170124,0.9836886553037968
1351.1147165898185,0.9841267105017408
1351.156383534269,0.9841701362656866
1351.177217005907,0.9829110785921303
1351.1980504771632,0.9851737022883564
1351.218883948014,0.9851471915013226
1351.239717418476,0.9852931017112776
1351.2605508885265,0.9838121089190387
1351.2813843581816,0.983455270162891
1351.3022178274189,0.9855761007834581
1351.323051296254,0.9780983589364706
1351.3438847646646,0.9520407837661099
1351.4272186340918,0.9223834557686899
1351.4480521003695,0.923114441858989
1351.46888556623,0.9244350042061465
1351.489719031642,0.9283721573183937
1351.510552496622,0.9428603614771345
1351.531385961147,0.9707113761223021
1351.5522194252335,0.9841195427157723
1351.573052888858,0.986270248910083
1351.593886352037,0.9861565114933608
1351.614719814748,0.9845026878043299
1351.6355532770067,0.9858789780326922
1351.6980536609574,0.9849212785988318
1351.739720581225,0.9857184669431416
1351.760554040642,0.9855102088875396
1351.8022209580108,0.9865391153817064
1351.8230544159555,0.9855536740072505
1351.8438878734164,0.9846558304375238
1351.8647213303711,0.9848600847313684
1351.8855547868363,0.9853613071454854
1351.9063882427902,0.9847586164313071
1351.9272216982497,0.9854227089374277
1351.9480551532015,0.985774501253607
1351.9688886076349,0.9858428464347092
1351.9897220615571,0.9865259861361975
1352.0313889678798,0.9864954980200521
1352.052222420257,0.9867660102301551
1352.0730558721264,0.987956548642253
1352.0938893234663,0.9860091950195371
1352.114722774296,0.9855104977104465
1352.1563896743835,0.985279448255326
1352.2397234683085,0.9855575993515601
1352.2605569154875,0.9868565760850656
1352.2813903621602,0.9859907168665805
1352.30222380831,0.987235324249098
1352.3230572539592,0.987319137879509
1352.343890699102,0.9870649901983235
1352.3647241437322,0.9865959148223724
1352.3855575878742,0.9868562369693465
1352.4063910315144,0.9877983119542804
1352.427224474679,0.9875721048400848
1352.4480579173546,0.9867463625504075
1352.4688913595692,0.9864138614988787
1352.4897248013126,0.9862311700307849
1352.510558242614,0.9863641631609362
1352.5313916834646,0.9873362851742611
1352.552225123897,0.9856957126163209
1352.573058563904,0.9878685356387856
1352.5938920035208,0.9875228204396047
1352.6147254427528,0.9873128929393953
1352.6355588816084,0.9873422928212183
1352.6563923201263,0.9868560961390846
1352.6772257583077,0.9864646921072365
1352.6980591961935,0.9862069374724675
1352.7188926337897,0.9871778450638676
1352.739726071142,0.9880006236090486
1352.7605595082578,0.986778245327746
1352.7813929451886,0.9881565675315006
1352.8022263819464,0.9870834501809442
1352.8230598185858,0.9856557660343493
1352.8438932551246,0.9863036211891686
1352.8647266916223,0.9867750856975935
1352.8855601281011,0.9872350199320413
1352.906393564626,0.9861781248218685
1352.9272270012248,0.9878667651355424
1352.9480604379678,0.986424044293367
1352.968893874888,0.9870835649842574
1352.989727312062,0.9874753815857433
1353.0105607495384,0.9872112083328344
1353.031394187369,0.9876865448832683
1353.0522276256384,0.9871940585242065
1353.0730610643936,0.9864556684931589
1353.0938945037246,0.9868662510792369
1353.114727943684,0.9861553321618106
